xof 0303txt 0032
template ColorRGBA {
 <35ff44e0-6c7c-11cf-8f52-0040333594a3>
 FLOAT red;
 FLOAT green;
 FLOAT blue;
 FLOAT alpha;
}

template ColorRGB {
 <d3e16e81-7835-11cf-8f52-0040333594a3>
 FLOAT red;
 FLOAT green;
 FLOAT blue;
}

template Material {
 <3d82ab4d-62da-11cf-ab39-0020af71e433>
 ColorRGBA faceColor;
 FLOAT power;
 ColorRGB specularColor;
 ColorRGB emissiveColor;
 [...]
}

template TextureFilename {
 <a42790e1-7810-11cf-8f52-0040333594a3>
 STRING filename;
}

template Frame {
 <3d82ab46-62da-11cf-ab39-0020af71e433>
 [...]
}

template Matrix4x4 {
 <f6f23f45-7686-11cf-8f52-0040333594a3>
 array FLOAT matrix[16];
}

template FrameTransformMatrix {
 <f6f23f41-7686-11cf-8f52-0040333594a3>
 Matrix4x4 frameMatrix;
}

template Vector {
 <3d82ab5e-62da-11cf-ab39-0020af71e433>
 FLOAT x;
 FLOAT y;
 FLOAT z;
}

template MeshFace {
 <3d82ab5f-62da-11cf-ab39-0020af71e433>
 DWORD nFaceVertexIndices;
 array DWORD faceVertexIndices[nFaceVertexIndices];
}

template Mesh {
 <3d82ab44-62da-11cf-ab39-0020af71e433>
 DWORD nVertices;
 array Vector vertices[nVertices];
 DWORD nFaces;
 array MeshFace faces[nFaces];
 [...]
}

template MeshNormals {
 <f6f23f43-7686-11cf-8f52-0040333594a3>
 DWORD nNormals;
 array Vector normals[nNormals];
 DWORD nFaceNormals;
 array MeshFace faceNormals[nFaceNormals];
}

template MeshMaterialList {
 <f6f23f42-7686-11cf-8f52-0040333594a3>
 DWORD nMaterials;
 DWORD nFaceIndexes;
 array DWORD faceIndexes[nFaceIndexes];
 [Material <3d82ab4d-62da-11cf-ab39-0020af71e433>]
}

template Coords2d {
 <f6f23f44-7686-11cf-8f52-0040333594a3>
 FLOAT u;
 FLOAT v;
}

template MeshTextureCoords {
 <f6f23f40-7686-11cf-8f52-0040333594a3>
 DWORD nTextureCoords;
 array Coords2d textureCoords[nTextureCoords];
}

template XSkinMeshHeader {
 <3cf169ce-ff7c-44ab-93c0-f78f62d172e2>
 WORD nMaxSkinWeightsPerVertex;
 WORD nMaxSkinWeightsPerFace;
 WORD nBones;
}

template SkinWeights {
 <6f0d123b-bad2-4167-a0d0-80224f25fabb>
 STRING transformNodeName;
 DWORD nWeights;
 array DWORD vertexIndices[nWeights];
 array FLOAT weights[nWeights];
 Matrix4x4 matrixOffset;
}

template AnimTicksPerSecond {
 <9e415a43-7ba6-4a73-8743-b73d47e88476>
 DWORD AnimTicksPerSecond;
}

template Animation {
 <3d82ab4f-62da-11cf-ab39-0020af71e433>
 [...]
}

template AnimationSet {
 <3d82ab50-62da-11cf-ab39-0020af71e433>
 [Animation <3d82ab4f-62da-11cf-ab39-0020af71e433>]
}

template FloatKeys {
 <10dd46a9-775b-11cf-8f52-0040333594a3>
 DWORD nValues;
 array FLOAT values[nValues];
}

template TimedFloatKeys {
 <f406b180-7b3b-11cf-8f52-0040333594a3>
 DWORD time;
 FloatKeys tfkeys;
}

template AnimationKey {
 <10dd46a8-775b-11cf-8f52-0040333594a3>
 DWORD keyType;
 DWORD nKeys;
 array TimedFloatKeys keys[nKeys];
}


Material _01_-_Default {
 1.000000;1.000000;1.000000;1.000000;;
 9.999999;
 0.000000;0.000000;0.000000;;
 0.000000;0.000000;0.000000;;

 TextureFilename {
  "NPC_WD_Burster_01_01_D.tga";
 }
}

Frame Loot_Dummy {
 

 FrameTransformMatrix {
  1.000000,0.000000,0.000000,0.000000,0.000000,1.000000,0.000000,0.000000,0.000000,0.000000,1.000000,0.000000,0.000000,0.000000,0.000001,1.000000;;
 }

 Frame Bip001 {
  

  FrameTransformMatrix {
   0.998243,0.001593,-0.059230,0.000000,-0.001636,0.999999,-0.000669,0.000000,0.059229,0.000765,0.998244,0.000000,-10.255802,89.284429,-0.004899,1.000000;;
  }

  Frame Bip001-Pelvis {
   

   FrameTransformMatrix {
    -0.007886,0.999655,0.025063,0.000000,0.080951,-0.024344,0.996421,0.000000,0.996687,0.009887,-0.080731,0.000000,-0.000002,0.000000,-0.000000,1.000000;;
   }

   Frame Bip001-R-Thigh {
    

    FrameTransformMatrix {
     -0.843580,-0.222478,0.488750,0.000000,0.156909,-0.972542,-0.171876,0.000000,0.513568,-0.068301,0.855326,0.000000,0.000053,-13.892288,-0.000019,1.000000;;
    }

    Frame Bip001-R-Calf {
     

     FrameTransformMatrix {
      0.400842,0.000000,-0.916147,0.000000,0.000000,1.000000,0.000000,0.000000,0.916147,0.000000,0.400842,0.000000,46.441238,-0.000015,0.000008,1.000000;;
     }

     Frame Bip001-R-Foot {
      

      FrameTransformMatrix {
       0.814456,-0.177702,0.552344,0.000000,0.246717,0.967666,-0.052475,0.000000,-0.525159,0.179012,0.831963,0.000000,47.448022,-0.000038,0.000010,1.000000;;
      }

      Frame Bip001-R-Toe {
       

       FrameTransformMatrix {
        -0.000001,0.024274,0.999706,0.000000,0.000000,0.999706,-0.024274,0.000000,-1.000000,0.000000,-0.000001,0.000000,11.872073,0.000000,15.453662,1.000000;;
       }
      }
     }
    }
   }

   Frame Bip001-L-Thigh {
    

    FrameTransformMatrix {
     -0.665015,0.290711,0.687927,0.000000,-0.208364,-0.956775,0.202899,0.000000,0.717175,-0.008409,0.696842,0.000000,-0.000015,13.892285,0.000025,1.000000;;
    }

    Frame Bip001-L-Calf {
     

     FrameTransformMatrix {
      0.536804,0.000000,-0.843707,0.000000,-0.000000,1.000000,0.000000,0.000000,0.843707,0.000000,0.536804,0.000000,46.441232,0.000023,0.000004,1.000000;;
     }

     Frame Bip001-L-Foot {
      

      FrameTransformMatrix {
       0.968008,0.183553,0.171083,0.000000,-0.193624,0.980087,0.044025,0.000000,-0.159595,-0.075743,0.984273,0.000000,47.448006,0.000006,0.000031,1.000000;;
      }

      Frame Bip001-L-Toe {
       

       FrameTransformMatrix {
        0.000295,-0.000064,1.000000,0.000000,0.000055,1.000000,0.000064,0.000000,-1.000000,0.000055,0.000295,0.000000,11.872076,0.000010,15.453669,1.000000;;
       }
      }
     }
    }
   }

   Frame Bip001-Spine {
    

    FrameTransformMatrix {
     0.992267,-0.013410,0.123397,0.000000,0.020843,0.998032,-0.059140,0.000000,-0.122361,0.061255,0.990593,0.000000,9.440803,-0.129208,1.331569,1.000000;;
    }

    Frame Bip001-Spine1 {
     

     FrameTransformMatrix {
      0.853844,0.045100,0.518572,0.000000,-0.199718,0.948377,0.246360,0.000000,-0.480691,-0.313921,0.818774,0.000000,22.112138,0.010106,-0.026375,1.000000;;
     }

     Frame Bip001-Bomb05 {
      

      FrameTransformMatrix {
       -0.121422,0.024161,-0.992307,0.000000,-0.018270,-0.999589,-0.022103,0.000000,-0.992433,0.015446,0.121813,0.000000,31.109216,8.749390,-12.891518,1.000000;;
      }
     }

     Frame Bip001-Bomb04 {
      

      FrameTransformMatrix {
       0.603524,-0.532776,0.593219,0.000000,-0.455403,-0.841030,-0.292023,0.000000,0.654497,-0.093911,-0.750210,0.000000,44.898285,-19.608238,12.631905,1.000000;;
      }
     }

     Frame Bip001-Bomb02 {
      

      FrameTransformMatrix {
       0.614489,0.325886,0.718472,0.000000,0.283062,-0.941132,0.184785,0.000000,0.736396,0.089824,-0.670561,0.000000,52.144851,12.110804,14.293662,1.000000;;
      }
     }

     Frame Bip001-Bomb03 {
      

      FrameTransformMatrix {
       0.654945,0.145341,-0.741568,0.000000,0.049448,-0.987469,-0.149863,0.000000,-0.754057,0.061483,-0.653924,0.000000,52.096237,10.381967,-6.865547,1.000000;;
      }
     }

     Frame Bip001-Bomb01 {
      

      FrameTransformMatrix {
       0.070129,-0.378612,-0.922895,0.000000,-0.329920,-0.881911,0.336729,0.000000,-0.941401,0.280867,-0.186759,0.000000,42.487290,-20.508072,-9.369728,1.000000;;
      }
     }

     Frame Bip001-RibTooth_L {
      

      FrameTransformMatrix {
       -0.587721,-0.042738,0.807934,0.000000,0.804831,0.071138,0.589226,0.000000,-0.082657,0.996551,-0.007412,0.000000,12.548607,14.638576,18.131595,1.000000;;
      }
     }

     Frame Bip001-RibTooth_R {
      

      FrameTransformMatrix {
       -0.576923,0.387052,0.719271,0.000000,-0.814371,-0.204731,-0.543033,0.000000,-0.062926,-0.899042,0.433318,0.000000,12.741790,-15.524498,19.825619,1.000000;;
      }
     }

     Frame Bip001-Neck {
      

      FrameTransformMatrix {
       0.182123,-0.000115,0.983276,0.000000,-0.146086,0.988899,0.027174,0.000000,-0.972363,-0.148592,0.180084,0.000000,29.003997,2.021088,14.456542,1.000000;;
      }

      Frame Bip001-L-Clavicle {
       

       FrameTransformMatrix {
        0.015204,0.969785,0.243488,0.000000,0.201842,0.235526,-0.950678,0.000000,-0.979300,0.063601,-0.192163,0.000000,-15.250430,7.003353,-21.320008,1.000000;;
       }

       Frame Bip001-L-UpperArm {
        

        FrameTransformMatrix {
         0.855802,-0.493495,-0.155131,0.000000,0.517167,0.823081,0.234681,0.000000,0.011871,-0.281069,0.959614,0.000000,34.528544,-0.000038,-0.000015,1.000000;;
        }

        Frame Bip001-L-Forearm {
         

         FrameTransformMatrix {
          0.625424,-0.000000,-0.780285,0.000000,0.000000,1.000000,-0.000000,0.000000,0.780285,-0.000000,0.625424,0.000000,55.162285,-0.000008,-0.000031,1.000000;;
         }

         Frame Bip001-L-Hand {
          

          FrameTransformMatrix {
           0.995547,-0.084550,-0.041697,0.000000,0.043932,0.024743,0.998728,0.000000,-0.083411,-0.996112,0.028347,0.000000,39.137824,0.000000,-0.000013,1.000000;;
          }

          Frame Bip001-L-Finger2 {
           

           FrameTransformMatrix {
            0.756064,0.221184,0.615992,0.000000,-0.170369,0.975231,-0.141066,0.000000,-0.631936,0.001709,0.775019,0.000000,19.270646,3.051342,-1.174149,1.000000;;
           }

           Frame Bip001-L-Finger21 {
            

            FrameTransformMatrix {
             0.613438,-0.000000,0.789743,0.000000,0.000001,1.000000,-0.000001,0.000000,-0.789743,0.000001,0.613438,0.000000,8.803997,-0.000008,0.000000,1.000000;;
            }
           }
          }

          Frame Bip001-L-Finger1 {
           

           FrameTransformMatrix {
            0.901324,-0.102264,0.420901,0.000000,0.246874,0.919732,-0.305199,0.000000,-0.355906,0.378992,0.854222,0.000000,19.285882,-5.322010,0.021805,1.000000;;
           }

           Frame Bip001-L-Finger11 {
            

            FrameTransformMatrix {
             0.639935,0.000000,0.768429,0.000000,0.000000,1.000000,-0.000001,0.000000,-0.768429,0.000001,0.639935,0.000000,8.959415,-0.000002,0.000000,1.000000;;
            }
           }
          }

          Frame Bip001-L-Finger0 {
           

           FrameTransformMatrix {
            0.485783,-0.397597,0.778416,0.000000,0.485476,-0.617833,-0.618544,0.000000,0.726862,0.678380,-0.107109,0.000000,6.701778,-5.501936,4.363296,1.000000;;
           }

           Frame Bip001-L-Finger01 {
            

            FrameTransformMatrix {
             0.884637,0.000000,0.466281,0.000000,0.000000,1.000000,-0.000001,0.000000,-0.466281,0.000001,0.884637,0.000000,9.826126,0.000008,0.000006,1.000000;;
            }
           }
          }
         }
        }
       }
      }

      Frame Bip001-R-Clavicle {
       

       FrameTransformMatrix {
        0.322908,-0.788805,0.522989,0.000000,-0.307178,0.435326,0.846246,0.000000,-0.895194,-0.433911,-0.101734,0.000000,-12.771962,-16.790237,-17.283157,1.000000;;
       }

       Frame Bip001-R-UpperArm {
        

        FrameTransformMatrix {
         0.430597,0.900799,0.056099,0.000000,-0.684517,0.366457,-0.630194,0.000000,-0.588236,0.232959,0.774408,0.000000,34.528582,0.000031,-0.000023,1.000000;;
        }

        Frame Bip001-R-Forearm {
         

         FrameTransformMatrix {
          0.509840,-0.000000,-0.860269,0.000000,-0.000000,1.000000,-0.000001,0.000000,0.860270,0.000000,0.509840,0.000000,52.722854,0.000031,0.000004,1.000000;;
         }
        }
       }
      }

      Frame Bip001-Head {
       

       FrameTransformMatrix {
        0.898493,0.193554,-0.394014,0.000000,-0.299018,0.926976,-0.226503,0.000000,0.321401,0.321329,0.890758,0.000000,9.047306,-0.000008,-2.201080,1.000000;;
       }

       Frame Bip001-Jaw {
        

        FrameTransformMatrix {
         0.765078,0.000002,0.643938,0.000000,-0.000002,1.000000,-0.000000,0.000000,-0.643938,-0.000001,0.765078,0.000000,6.513550,0.000014,5.066467,1.000000;;
        }
       }
      }
     }
    }
   }
  }
 }
}

Frame NPC_WD_Burster_01 {
 

 FrameTransformMatrix {
  1.000000,0.000000,0.000000,0.000000,0.000000,1.000000,0.000000,0.000000,0.000000,0.000000,1.000000,0.000000,0.000000,0.000000,0.000000,1.000000;;
 }

 Mesh NPC_WD_Burster_01 {
  3420;
  -12.964435;70.862285;-65.249376;,
  -11.207835;69.188614;-66.377318;,
  -11.077484;69.661261;-65.825792;,
  -11.207835;69.188614;-66.377318;,
  -13.110890;71.250746;-67.198227;,
  -11.029942;69.803072;-67.022810;,
  -25.835466;92.824563;12.967352;,
  -20.539934;88.407034;17.452824;,
  -20.814056;93.461325;17.405864;,
  -12.795978;91.741011;20.929262;,
  -13.294886;98.180480;19.772688;,
  -19.591734;98.913402;16.175179;,
  -22.781166;99.252627;11.772791;,
  -7.007107;97.965114;21.625685;,
  -6.604165;93.800819;22.280427;,
  -13.153970;102.318266;19.458208;,
  -19.553707;102.196416;16.155659;,
  -22.060939;102.321062;12.003789;,
  -5.114454;96.934240;25.298573;,
  -6.139089;94.351526;25.611266;,
  -6.635631;90.970976;25.011024;,
  -5.587414;88.322797;22.825901;,
  -10.842102;86.399642;21.328918;,
  -18.188466;82.499373;17.414893;,
  -25.029302;85.119040;13.320078;,
  -6.668370;80.987558;23.198027;,
  -3.974826;92.029024;25.425638;,
  -4.033624;88.791418;25.060834;,
  -0.329034;86.653990;24.361008;,
  3.877869;81.378797;26.669301;,
  -0.921697;76.298221;25.843542;,
  10.639587;75.705562;27.231360;,
  6.353874;71.239718;27.054986;,
  13.850437;65.974022;27.368176;,
  12.557125;77.586355;28.488598;,
  6.286632;83.594848;27.389363;,
  1.411193;88.705606;25.737848;,
  -1.994633;90.967814;24.641131;,
  -2.723143;94.240403;24.622163;,
  -3.745012;94.283814;26.171741;,
  -1.958822;97.071411;23.987323;,
  -3.558678;93.631635;22.394115;,
  -1.282316;91.123021;23.147562;,
  3.250949;89.395322;23.963678;,
  9.489715;85.742368;25.661538;,
  15.508384;79.405222;25.610661;,
  18.217408;71.124403;27.845382;,
  20.983506;74.238496;25.896883;,
  26.343274;70.154899;25.010195;,
  26.169872;76.759898;21.482723;,
  30.053008;72.505274;20.457397;,
  27.274032;76.902445;18.578850;,
  21.191051;81.168941;20.380256;,
  14.881554;86.797030;19.820450;,
  6.353473;91.512723;20.695400;,
  9.489715;85.742368;25.661538;,
  2.502984;92.567309;19.261274;,
  4.323522;93.832589;14.325453;,
  4.481085;91.747194;15.278019;,
  9.135988;91.201549;17.098579;,
  14.947686;86.646861;13.267192;,
  22.355480;80.577658;15.442446;,
  25.369362;74.485632;13.148230;,
  29.324026;70.452870;15.307355;,
  21.948646;78.496896;11.273255;,
  29.705542;68.691053;20.858666;,
  30.220992;66.806701;17.470082;,
  29.876618;65.342560;14.701138;,
  26.525267;62.555667;13.916483;,
  31.186698;60.463277;16.136490;,
  26.326251;56.478010;15.724502;,
  27.732938;68.245690;12.943090;,
  24.305378;71.880237;9.968652;,
  20.522042;74.670310;7.931907;,
  12.542347;83.648352;7.877119;,
  10.071893;81.462554;5.191059;,
  5.027948;90.665453;7.805641;,
  3.438368;85.538042;5.044239;,
  6.172716;90.410714;4.425479;,
  4.012581;88.355104;9.549839;,
  8.461594;88.790720;10.969290;,
  6.627220;86.483066;6.398310;,
  5.013897;83.171725;3.363932;,
  2.083229;77.978246;1.475072;,
  6.689618;79.000717;3.163264;,
  15.489235;72.856262;6.178055;,
  20.626331;68.480026;9.014378;,
  21.124845;58.895059;14.569686;,
  24.585910;65.406714;11.679978;,
  18.256669;62.336122;12.574436;,
  14.667728;65.658822;9.458557;,
  11.711731;70.536992;6.199020;,
  3.184560;75.825670;3.410581;,
  -3.086541;76.712083;2.328270;,
  -0.691464;75.850835;-1.363150;,
  2.761127;77.193478;-1.487130;,
  -0.255132;76.655546;-5.395574;,
  2.325537;77.522822;-4.771190;,
  2.180621;78.869062;-6.775753;,
  3.710812;80.670106;-6.076770;,
  3.169294;82.709018;-8.897558;,
  12.967976;67.421517;-16.542163;,
  5.841440;71.371245;-9.938459;,
  8.762648;66.840109;-12.102330;,
  8.369906;74.927955;-13.215840;,
  2.058241;75.566086;-7.445071;,
  4.979497;78.578099;-9.741191;,
  6.097818;81.259872;-12.281174;,
  6.136859;84.668902;-15.629462;,
  3.106162;86.695219;-11.090534;,
  2.654361;89.666362;-16.695787;,
  5.251682;87.349901;-20.132222;,
  3.782820;88.547987;-22.424114;,
  6.010641;84.474394;-26.583638;,
  7.458078;83.021856;-24.483541;,
  9.345166;81.342605;-19.890810;,
  10.522162;78.666944;-16.143547;,
  15.177493;71.000429;-21.073235;,
  12.281944;73.639021;-25.959408;,
  7.575409;77.790560;-28.052960;,
  6.028288;79.223475;-29.926378;,
  1.834072;84.154285;-27.575619;,
  0.061996;89.118272;-24.588251;,
  -7.326404;83.696570;-28.887427;,
  -2.424931;81.351085;-31.262387;,
  -5.085018;80.337478;-31.294669;,
  -2.681877;84.676870;-28.958106;,
  -0.490513;81.371354;-29.548784;,
  2.039902;79.312883;-29.673443;,
  5.183292;74.910605;-32.147498;,
  6.558184;73.561158;-30.470266;,
  9.843781;64.671488;-32.703126;,
  13.696558;67.676160;-28.524909;,
  16.511045;60.328973;-32.761862;,
  12.415709;56.887283;-34.110272;,
  15.918419;65.694925;-24.661869;,
  3.147629;58.502515;-32.027958;,
  0.713844;65.007706;-32.440250;,
  7.477648;57.210893;-35.955062;,
  2.025740;65.026144;-35.530013;,
  2.157009;69.857062;-34.491120;,
  4.656940;69.994733;-34.290835;,
  5.386580;68.650445;-32.957642;,
  7.230480;62.374266;-33.764490;,
  5.134464;65.512102;-35.420320;,
  9.959836;56.882515;-34.463325;,
  9.628586;52.309798;-34.309542;,
  5.986323;54.110278;-33.612058;,
  4.295650;50.091414;-33.688851;,
  1.412644;52.138262;-32.727075;,
  -2.499768;49.649418;-33.115485;,
  -4.621250;52.419162;-29.122006;,
  -8.847868;49.558819;-29.381293;,
  -8.820892;50.785843;-23.901738;,
  -5.894692;41.738634;-16.421470;,
  -6.237926;49.355802;-19.220438;,
  -10.591707;44.940198;-17.903074;,
  -4.890808;53.192723;-24.743506;,
  -0.723410;54.160570;-28.851066;,
  2.915817;54.924634;-32.311606;,
  -6.038776;58.491584;-26.164230;,
  -1.172001;56.143091;-31.025754;,
  -3.206322;55.100314;-27.771440;,
  -0.061044;54.518694;-28.555738;,
  -0.171618;53.862912;-23.711442;,
  -2.681170;51.994502;-21.074203;,
  -2.177569;46.333434;-18.022282;,
  -1.740974;38.445981;-19.246304;,
  -5.461626;33.095306;-19.542858;,
  1.916813;42.860381;-20.078266;,
  1.020642;49.675910;-19.892990;,
  4.154516;51.256973;-21.110219;,
  0.688239;53.937830;-23.980387;,
  5.290897;52.837200;-21.330587;,
  -1.131785;54.976218;-22.996682;,
  4.369693;54.801901;-20.109965;,
  -4.102108;56.935846;-20.964054;,
  5.773524;46.094310;-21.305883;,
  8.199844;49.123197;-21.609757;,
  9.622438;52.320710;-20.809338;,
  8.832042;54.961069;-18.942309;,
  0.909649;57.973914;-17.199142;,
  6.023250;59.236915;-15.568803;,
  2.734955;65.402208;-11.001687;,
  -16.383731;72.794131;-8.512006;,
  -14.562835;69.639462;-15.538984;,
  -12.205723;69.206522;-10.874424;,
  -8.656452;62.139162;-16.938248;,
  -10.067619;64.521683;-23.770214;,
  -7.695385;66.074483;-29.206125;,
  1.302681;75.539450;-30.822182;,
  -3.137260;75.822611;-31.154026;,
  -1.031818;77.787552;-30.145978;,
  -4.235520;74.597946;-31.841693;,
  -1.479643;68.991968;-32.755360;,
  -9.317646;71.463091;-29.149478;,
  -10.046875;69.762624;-27.088445;,
  -11.543198;74.496941;-26.705254;,
  -14.931198;73.576531;-21.262190;,
  -4.693081;76.984544;-31.027139;,
  -10.656906;76.645235;-28.801213;,
  -17.557344;76.894618;-17.720110;,
  -17.427038;73.286982;-13.425979;,
  -21.970011;76.762886;-10.245075;,
  -13.004925;79.051008;-24.756875;,
  -11.998180;80.978790;-26.664005;,
  -5.904247;79.515104;-30.209018;,
  -16.252629;80.483846;-20.540786;,
  -19.890347;81.917005;-16.455395;,
  -26.931680;81.564275;-7.855198;,
  -25.211941;91.140115;-13.369426;,
  -29.079190;86.813869;-6.497750;,
  -29.046666;94.317670;-6.251144;,
  -22.511117;84.874650;-14.876034;,
  -17.838115;87.149658;-20.320947;,
  -14.716118;83.957862;-22.757814;,
  -10.841782;85.424166;-25.077488;,
  -18.994650;92.833677;-18.720589;,
  -11.927632;90.478778;-22.407122;,
  -11.867778;94.500518;-21.202093;,
  -19.373461;96.612998;-17.978878;,
  -25.534378;95.892595;-12.610963;,
  -26.106122;100.195366;-6.154248;,
  -23.602474;100.329542;-12.037862;,
  -13.207875;98.434042;-20.210877;,
  -19.330605;99.752288;-16.848816;,
  -22.810581;103.920435;-12.570254;,
  -25.130125;103.177613;-6.491642;,
  -24.840557;103.131744;-1.160718;,
  -25.976570;100.118682;-0.839903;,
  -28.147773;93.571846;-0.622363;,
  -13.073666;101.335226;-20.378653;,
  -17.695896;103.811571;-16.431109;,
  -15.130901;105.583776;-16.202618;,
  -21.147901;106.234515;-11.543296;,
  -23.442400;106.020563;-5.931064;,
  -23.462456;105.748915;-0.783629;,
  -23.910474;102.396346;2.556525;,
  -22.066122;105.774483;3.268427;,
  -25.434685;99.321101;2.853690;,
  -26.182851;92.170298;2.469198;,
  -27.965549;86.289504;-1.269278;,
  -26.115400;81.176787;-2.809260;,
  -21.857923;76.789229;-5.015171;,
  -19.944146;78.417798;-1.415542;,
  -23.790562;82.345504;0.567657;,
  -17.670206;79.612032;0.915574;,
  -21.390957;82.320992;1.826414;,
  -24.445178;86.054253;2.163023;,
  -3.074261;63.142573;-12.455302;,
  -9.754642;70.390822;-6.978628;,
  -13.530947;75.698534;-3.524500;,
  -2.759124;73.183091;-6.321836;,
  -5.787682;75.975866;-4.266700;,
  -13.241218;78.017875;-0.620007;,
  -6.370086;76.658298;-0.881939;,
  25.637131;96.249517;52.901542;,
  18.602707;96.789978;52.805245;,
  20.582757;98.769325;47.753242;,
  15.508347;97.955046;54.013478;,
  16.564866;100.399738;51.478090;,
  18.358726;103.243834;48.075706;,
  21.093925;107.574758;45.876016;,
  24.292976;100.877862;44.135491;,
  27.389261;98.954118;48.560448;,
  18.146370;106.084493;40.667350;,
  24.384018;111.923994;42.186234;,
  16.023034;102.626061;45.401514;,
  14.610176;99.215398;49.162749;,
  13.777024;96.768493;53.068298;,
  15.689483;95.543456;57.088198;,
  23.076432;94.060410;56.280966;,
  21.121918;109.785779;36.656602;,
  17.777595;112.915098;37.536781;,
  19.708038;116.395110;35.040666;,
  14.508827;118.313139;36.290579;,
  22.193462;119.200640;34.014192;,
  15.571045;114.289331;38.507638;,
  15.592850;109.118029;41.259485;,
  13.810021;104.886419;45.401712;,
  12.374542;101.511718;49.385200;,
  11.592743;98.946458;53.866445;,
  9.642128;117.064282;38.894477;,
  10.769913;112.280384;40.763002;,
  8.502983;112.965146;43.029107;,
  6.909592;117.386803;41.930467;,
  13.411782;108.209062;45.115898;,
  11.376518;109.151578;48.208474;,
  13.141213;104.697542;49.879754;,
  11.752449;100.156525;55.445562;,
  10.723746;96.578355;59.773133;,
  11.567130;94.310624;58.246643;,
  9.859047;93.387130;62.638586;,
  12.307976;92.550278;58.746240;,
  18.437507;92.115552;56.944672;,
  13.840187;90.740422;59.066278;,
  18.768646;92.377837;59.798848;,
  14.320610;90.250163;60.818067;,
  13.234762;86.215270;61.043168;,
  11.843273;86.194138;63.563782;,
  23.218933;95.679795;59.317779;,
  8.477565;89.561114;63.914157;,
  10.320170;88.017286;63.869645;,
  15.261979;81.632774;62.235738;,
  14.781920;76.902848;60.990118;,
  12.973433;80.592077;61.665453;,
  15.599262;87.157517;61.851219;,
  21.310429;89.130067;60.750662;,
  24.805702;92.770586;61.329600;,
  27.283706;97.587482;58.270195;,
  26.362229;98.718733;61.024045;,
  28.496682;102.190413;58.669261;,
  25.558472;98.557843;56.013478;,
  29.720765;101.071699;54.958720;,
  29.226906;106.373306;57.281235;,
  32.354806;104.079130;60.803994;,
  33.335494;108.837286;62.059245;,
  33.123200;107.732480;65.022662;,
  31.005930;113.324134;68.716448;,
  27.479920;102.406278;51.530397;,
  33.533914;105.595923;53.231546;,
  33.785507;109.649024;58.878656;,
  30.104989;117.179610;64.691443;,
  30.580010;107.523674;49.882928;,
  29.391456;102.156954;45.311843;,
  25.871406;135.617549;61.628083;,
  29.023514;129.307904;64.204275;,
  30.374477;134.709018;62.557651;,
  25.686302;128.451021;63.531974;,
  29.555290;123.707546;67.461862;,
  32.818579;127.852480;61.072691;,
  36.558480;117.384717;59.274368;,
  37.070227;111.154816;55.700877;,
  34.725798;111.960077;50.919763;,
  36.094237;119.109120;54.205632;,
  37.591523;127.027110;57.012742;,
  19.869163;128.499635;64.656518;,
  14.786883;136.818573;61.252819;,
  19.830803;137.100314;60.887258;,
  24.370678;138.139994;61.064742;,
  29.367728;117.720397;69.643808;,
  26.236427;123.196544;66.762336;,
  20.677574;122.656064;68.174720;,
  15.552598;128.981325;64.986099;,
  13.058861;129.824115;60.163750;,
  11.998911;133.843891;57.640998;,
  16.646645;123.106074;68.861389;,
  23.631691;119.403302;68.255565;,
  25.214013;116.043392;68.226278;,
  21.728570;119.288422;69.513101;,
  21.614387;118.132595;69.730669;,
  18.259376;117.459110;71.439264;,
  14.582298;119.891725;64.824486;,
  16.453430;114.058176;68.198496;,
  11.567748;116.971866;66.196269;,
  13.000694;112.914509;70.071642;,
  9.533043;120.612915;63.789248;,
  13.574990;124.812390;61.412358;,
  9.432403;125.724109;60.277594;,
  12.194114;129.951258;57.075853;,
  9.184059;129.058598;56.753306;,
  9.060622;132.880243;53.843130;,
  7.478943;127.485107;56.160378;,
  5.931381;123.333811;60.918726;,
  6.442490;119.402560;64.010848;,
  8.799645;115.698278;66.872301;,
  8.695106;116.377434;54.045690;,
  6.408814;110.249830;54.213075;,
  8.398734;110.263731;55.796531;,
  7.379136;117.442202;57.409830;,
  5.969276;121.200064;58.422842;,
  6.536186;117.383846;61.784845;,
  8.524696;124.444326;53.692282;,
  6.997639;128.690253;50.791062;,
  8.890573;113.073382;63.940787;,
  8.972421;112.796979;61.018016;,
  5.991043;110.603123;58.256557;,
  7.095458;104.905587;58.322029;,
  5.681823;106.773293;55.724589;,
  6.503090;100.752243;57.185754;,
  4.770798;104.412691;52.955085;,
  11.389243;111.077146;66.820883;,
  8.186325;110.384192;64.841120;,
  7.807152;108.029299;61.776435;,
  6.199082;105.941498;59.798957;,
  6.884696;102.544838;61.676173;,
  6.707932;98.018003;64.484576;,
  5.204529;91.727142;71.801818;,
  6.809861;99.891462;68.779546;,
  6.361094;88.298605;68.268454;,
  7.851960;96.417773;61.444896;,
  6.754722;105.192314;65.550285;,
  9.004279;105.615302;67.612589;,
  10.907630;99.852320;71.455302;,
  9.355782;102.150438;69.830989;,
  13.653122;106.384307;68.978566;,
  12.814734;101.733050;74.496986;,
  14.964309;105.496474;73.420461;,
  14.984115;109.069517;72.108058;,
  16.797165;99.580800;74.223136;,
  18.227851;104.266650;72.960749;,
  18.345192;109.692160;71.264390;,
  20.516312;110.818547;72.562803;,
  23.917077;110.376640;70.284531;,
  21.252419;101.413894;75.348851;,
  21.577827;106.706464;73.742746;,
  24.229256;106.847302;71.563667;,
  23.859131;100.311750;72.421824;,
  22.593826;97.198790;76.597850;,
  19.168861;94.516787;76.526995;,
  16.922603;94.820128;78.703616;,
  23.493510;91.477997;78.079501;,
  22.577552;91.545370;80.394368;,
  11.752790;96.104064;78.631110;,
  4.700018;85.042650;72.315718;,
  7.457682;83.696070;76.774003;,
  6.508785;86.848864;75.879782;,
  10.211134;87.475571;77.609267;,
  9.759001;94.305741;75.200685;,
  12.963326;90.886438;77.765030;,
  14.854478;93.493805;80.360384;,
  20.908214;90.900198;81.375411;,
  25.171746;87.584518;81.983187;,
  18.766869;88.472045;78.802771;,
  33.017136;77.732064;75.808570;,
  27.697846;82.001958;79.340109;,
  29.812371;73.996422;77.907629;,
  27.869152;81.323072;80.817709;,
  25.897323;80.445107;81.767194;,
  23.629757;86.755565;82.383475;,
  20.917659;84.449971;79.806496;,
  11.221989;84.870515;78.203520;,
  29.013040;72.206022;79.747149;,
  29.855824;85.354477;76.360102;,
  25.500939;87.596774;79.474118;,
  26.218426;87.818464;77.810394;,
  32.438010;87.313632;76.091072;,
  34.955658;82.855802;72.516454;,
  34.592896;84.059245;69.946170;,
  36.594483;78.608205;68.600077;,
  34.604285;78.477056;68.095782;,
  35.039456;73.964986;66.374342;,
  37.393472;77.798982;70.212179;,
  37.629661;74.211450;66.011533;,
  38.665190;72.582534;67.776422;,
  32.341094;71.533120;63.299002;,
  35.270310;69.693862;64.157510;,
  37.706720;69.418413;63.498771;,
  38.411872;67.627558;65.377946;,
  39.742493;67.924934;70.297574;,
  30.724784;69.491533;62.764595;,
  28.194083;74.212384;61.217158;,
  34.745315;66.536166;63.469632;,
  36.478080;65.076845;62.527232;,
  37.768602;63.939955;63.353830;,
  38.042618;63.197414;64.598822;,
  42.421645;63.596832;66.561920;,
  22.232941;73.907379;61.138387;,
  26.422043;72.403533;62.216512;,
  19.901733;70.986931;65.355155;,
  26.800538;66.685248;65.190278;,
  31.805450;63.100538;64.874618;,
  34.386275;62.367789;63.908282;,
  36.449440;60.803392;63.086906;,
  37.504416;60.005792;64.593005;,
  12.568930;79.968928;64.712486;,
  14.991318;76.200454;63.951558;,
  17.965974;75.369613;60.012762;,
  23.358352;75.491514;59.673350;,
  32.284211;74.567386;64.775469;,
  28.467078;76.117293;62.333254;,
  23.945899;77.138106;61.019174;,
  18.486106;78.446707;61.318406;,
  23.975258;87.562720;62.442835;,
  24.312174;90.183744;63.936192;,
  27.031280;89.205600;66.162419;,
  19.014814;86.347277;61.980902;,
  19.650101;82.511872;61.297318;,
  26.920976;81.540275;62.055104;,
  25.007832;84.475878;61.992858;,
  28.283952;85.606950;64.623360;,
  29.634931;89.812467;78.303238;,
  25.375170;93.378387;78.045107;,
  24.424126;95.124102;73.493325;,
  26.944694;95.053741;72.007072;,
  26.507842;93.093478;73.232666;,
  27.826250;91.984218;70.669267;,
  28.109882;89.853971;69.885670;,
  25.633890;93.313331;74.730822;,
  28.600822;90.438010;73.498720;,
  30.098586;86.710630;67.484275;,
  29.797981;90.716333;75.157203;,
  30.846221;87.857926;70.724787;,
  31.724464;80.429062;64.898733;,
  32.418794;83.610848;68.792211;,
  32.200426;87.965152;73.574138;,
  47.750694;124.091418;-10.578895;,
  48.447421;123.382810;-9.890030;,
  47.434480;123.283930;-10.252954;,
  48.780614;124.288422;-10.108086;,
  47.052563;123.790822;-10.802711;,
  48.551158;125.541581;-10.936075;,
  47.584186;124.390848;-10.323686;,
  47.132304;122.590989;-9.869386;,
  48.199526;122.603725;-9.570742;,
  49.365018;123.646733;-9.478706;,
  49.724163;124.233114;-9.619593;,
  50.203885;123.873229;-8.390196;,
  49.629168;122.755482;-8.324638;,
  48.597856;122.359386;-9.024894;,
  48.686730;121.847296;-8.258186;,
  49.106464;122.510016;-7.392700;,
  49.739562;123.332890;-7.226565;,
  50.360298;124.098906;-7.160069;,
  50.698717;124.160230;-8.439010;,
  50.132099;125.652890;-9.978314;,
  51.414195;125.682893;-8.517054;,
  51.234214;125.530637;-7.016994;,
  49.575200;124.015027;-6.209810;,
  49.021270;123.215501;-6.311939;,
  48.432666;122.620595;-6.603031;,
  47.986544;122.382963;-6.557932;,
  48.804678;123.757184;-5.743236;,
  50.880790;125.908723;-5.889789;,
  52.224022;128.564352;-8.080153;,
  50.273862;127.435840;-10.394531;,
  52.638061;127.607616;-10.350716;,
  50.734128;126.724531;-12.056558;,
  48.700938;125.422118;-11.899246;,
  53.357994;129.095590;-8.127497;,
  53.043946;127.437786;-6.164736;,
  46.621629;122.627520;-4.820698;,
  47.637190;123.312525;-5.887197;,
  48.645837;123.918131;-4.557594;,
  51.270890;125.959078;-4.244406;,
  53.857542;128.395840;-5.050156;,
  53.710995;131.156890;-7.947070;,
  53.656339;129.826099;-10.004214;,
  44.103251;119.294221;-5.189890;,
  45.058208;122.820877;-2.823589;,
  42.153312;119.567629;-4.899502;,
  45.417859;120.101069;-5.567280;,
  47.427808;125.205389;-2.027020;,
  50.664522;128.177344;-2.163588;,
  47.570384;130.870784;0.901127;,
  51.652019;133.239680;-1.596081;,
  53.973434;131.158234;-5.536610;,
  48.967075;135.104960;0.170963;,
  52.902714;135.799283;-4.421334;,
  49.413453;137.817549;-1.823441;,
  46.927235;135.482637;2.165328;,
  45.428294;130.009050;2.949650;,
  43.945168;127.768973;1.007414;,
  41.737366;128.003149;2.921029;,
  40.503718;127.416051;0.593914;,
  40.701056;124.931021;7.107936;,
  46.597008;139.224486;0.867240;,
  47.862323;139.403059;-5.326434;,
  50.993062;139.635904;-5.530918;,
  52.234326;142.669094;-9.091793;,
  49.740006;140.579482;-5.063493;,
  48.340746;142.311130;-11.019138;,
  48.947293;139.046259;0.110558;,
  47.241792;136.468288;5.125393;,
  46.977408;132.930253;6.377872;,
  44.972966;127.255181;7.145990;,
  44.835907;126.896051;11.679010;,
  41.078102;123.769267;10.828448;,
  46.884886;130.659878;10.539523;,
  47.877430;134.882598;8.430936;,
  49.354230;137.057498;5.008247;,
  52.593114;140.184755;-0.260816;,
  47.024346;133.314317;10.840016;,
  49.696778;136.213773;8.235241;,
  50.109779;133.511270;10.759610;,
  55.439027;143.669926;-5.219154;,
  52.797078;141.857485;-4.869280;,
  55.160237;141.971251;-0.519896;,
  51.895667;138.305984;4.680674;,
  51.865299;137.967718;8.152100;,
  53.219325;135.038771;11.414672;,
  49.295894;131.214170;12.611874;,
  45.262166;128.808115;14.867730;,
  54.135392;140.005094;4.615376;,
  57.814317;139.417101;12.026416;,
  56.014573;135.341658;17.133467;,
  54.362285;138.441792;11.727560;,
  54.828787;141.146765;7.729258;,
  55.944448;143.463245;5.096414;,
  57.342150;143.719450;-0.789193;,
  57.731418;145.344883;-6.106031;,
  56.144320;146.669619;5.411286;,
  57.041523;144.280832;9.553618;,
  57.898554;146.835379;-0.093057;,
  58.458445;148.290278;-5.922256;,
  57.169370;149.402790;-11.777160;,
  56.653158;146.761114;-11.928039;,
  55.368403;150.198400;-16.911032;,
  54.437811;147.314342;-17.017413;,
  52.669078;146.375309;-21.353694;,
  53.227533;144.537229;-16.462242;,
  50.651190;144.111987;-19.025661;,
  52.582173;150.463027;-21.725930;,
  50.846259;141.085261;-20.574224;,
  51.939930;144.028966;-23.167587;,
  51.845328;147.466406;-24.812944;,
  51.191811;151.777024;-24.841914;,
  54.487078;156.630080;-19.300941;,
  56.710803;154.779789;-14.487290;,
  57.553696;152.780429;-9.191435;,
  49.629424;138.387546;-25.658952;,
  51.491718;141.559386;-28.544714;,
  51.271373;146.733389;-30.661363;,
  49.010976;152.911859;-30.555069;,
  45.803168;151.697741;-35.442093;,
  48.877341;144.508941;-34.990416;,
  44.741667;143.918259;-38.431226;,
  44.140387;138.474086;-37.229802;,
  38.005507;139.197146;-39.588982;,
  47.267226;136.126310;-29.788352;,
  48.323731;139.376422;-33.914054;,
  41.874506;134.123866;-34.874035;,
  36.880208;135.323238;-37.886118;,
  47.106240;140.022003;-15.299965;,
  47.238662;136.872218;-22.578848;,
  49.277104;139.899776;-18.830792;,
  45.979539;134.627750;-25.862320;,
  42.895459;133.303283;-29.927517;,
  39.806154;132.938266;-31.034323;,
  35.359978;133.457971;-34.965917;,
  31.770621;133.312627;-34.178746;,
  42.358147;132.569997;-27.541037;,
  45.354355;133.337306;-23.047760;,
  47.089424;136.554086;-19.325674;,
  47.534550;137.318848;-15.333514;,
  47.002800;139.104358;-12.701399;,
  51.947270;136.292352;-12.620390;,
  51.529853;138.691648;-10.939013;,
  53.803891;134.913702;-9.943169;,
  53.072250;137.490419;-7.844210;,
  51.266538;139.990042;-8.576861;,
  46.998195;140.692224;-9.617015;,
  46.295539;140.882022;-13.661842;,
  53.573075;134.023782;-7.809515;,
  47.710525;141.395878;-16.532406;,
  54.531142;144.875430;-10.422531;,
  50.145568;142.556365;-14.441992;,
  11.008339;175.459520;-45.895821;,
  11.848057;176.937946;-46.912461;,
  11.126396;174.641459;-46.770806;,
  9.928102;173.004480;-44.584797;,
  10.903736;171.829197;-46.189424;,
  12.234670;172.016909;-45.241117;,
  12.022362;174.909389;-45.884179;,
  12.195330;176.847744;-46.509014;,
  11.604145;175.420813;-45.235459;,
  11.371082;173.344845;-44.120483;,
  12.122890;177.119808;-46.202515;,
  12.501713;178.102502;-46.590630;,
  11.788340;177.608806;-46.598835;,
  11.604145;175.420813;-45.235459;,
  11.371082;173.344845;-44.120483;,
  12.122890;177.119808;-46.202515;,
  9.368486;172.101094;-42.652896;,
  11.593857;172.296230;-42.571587;,
  9.139926;170.207027;-43.657616;,
  10.709206;168.471949;-44.759693;,
  13.475994;170.042598;-43.616627;,
  11.593857;172.296230;-42.571587;,
  -2.998522;157.799578;-61.277894;,
  -1.017789;153.793382;-60.469626;,
  -3.115092;157.254093;-61.874624;,
  -3.000328;156.582413;-59.427603;,
  -3.568421;157.933491;-60.796806;,
  -4.693081;76.984544;-31.027139;,
  -2.392395;74.095347;-34.273437;,
  -3.137260;75.822611;-31.154026;,
  -3.137260;75.822611;-31.154026;,
  -0.860823;74.937894;-33.342499;,
  -1.031818;77.787552;-30.145978;,
  -1.013580;76.837690;-34.218083;,
  -0.490513;81.371354;-29.548784;,
  -2.424931;81.351085;-31.262387;,
  -3.195511;76.376691;-35.339181;,
  -5.085018;80.337478;-31.294669;,
  -3.767346;74.556467;-34.850246;,
  -2.392719;73.103264;-36.581414;,
  -3.685108;73.696678;-37.049661;,
  -3.190235;75.146707;-37.531667;,
  -3.693302;72.632838;-40.397859;,
  -3.379883;73.940083;-40.795450;,
  -1.850510;73.730451;-40.769712;,
  -1.390314;74.991629;-37.622346;,
  -3.190235;75.146707;-37.531667;,
  -1.318192;73.356870;-37.064176;,
  -1.783031;72.557165;-40.335837;,
  -2.631054;71.872749;-40.236710;,
  -3.548157;71.078438;-43.728218;,
  -3.264004;71.862445;-44.562918;,
  -2.242458;71.931008;-44.209549;,
  -2.265568;71.080467;-43.708138;,
  -1.980167;69.134157;-45.617299;,
  -2.474026;68.628262;-45.245894;,
  -1.811586;67.011334;-46.245059;,
  -2.837578;70.488717;-43.411888;,
  -2.631054;71.872749;-40.236710;,
  -2.392719;73.103264;-36.581414;,
  -2.392395;74.095347;-34.273437;,
  -1.479857;67.017395;-46.638522;,
  -1.985207;69.735232;-45.922448;,
  -1.750890;68.509651;-46.605690;,
  -1.794235;67.573882;-46.925696;,
  -1.811586;67.011334;-46.245059;,
  -2.297550;67.565331;-46.248630;,
  -2.474026;68.628262;-45.245894;,
  -3.023269;69.321773;-45.504742;,
  -2.837578;70.488717;-43.411888;,
  -2.809448;69.895699;-46.071133;,
  -2.385921;68.408461;-46.671126;,
  46.467523;120.233408;-7.300932;,
  45.242957;120.043994;-6.924850;,
  46.340598;120.647091;-7.000562;,
  46.687664;119.968038;-7.617840;,
  45.965184;119.128307;-8.090664;,
  46.832890;119.856115;-7.983787;,
  47.060074;119.944026;-8.324280;,
  46.903907;119.854899;-8.724585;,
  46.514643;119.828160;-9.153620;,
  44.867002;119.988954;-9.776512;,
  46.124278;120.163686;-9.500696;,
  45.905712;120.715046;-9.851784;,
  46.581517;121.668813;-5.928142;,
  43.961488;121.456051;-6.782792;,
  47.637190;123.312525;-5.887197;,
  45.693318;120.048000;-6.513140;,
  43.665843;121.334272;-9.318598;,
  45.219251;119.998157;-10.151577;,
  45.382378;120.869082;-10.329031;,
  46.148547;122.397632;-10.605505;,
  44.754323;125.057600;-8.039118;,
  47.052563;123.790822;-10.802711;,
  48.253034;123.959194;-6.046188;,
  49.045686;124.166170;-6.719051;,
  48.804678;123.757184;-5.743236;,
  49.333936;124.318374;-8.370170;,
  47.584186;124.390848;-10.323686;,
  48.597856;122.359386;-9.024894;,
  48.686730;121.847296;-8.258186;,
  49.106464;122.510016;-7.392700;,
  48.432666;122.620595;-6.603031;,
  47.986544;122.382963;-6.557932;,
  48.199526;122.603725;-9.570742;,
  47.132304;122.590989;-9.869386;,
  38.161987;183.397978;-26.441912;,
  37.822742;181.005619;-27.234160;,
  37.122413;181.649843;-26.026358;,
  37.936438;179.021389;-25.267464;,
  37.896246;181.750438;-25.512936;,
  36.793763;178.136819;-23.705466;,
  38.543171;181.710221;-26.243027;,
  38.576954;183.454835;-26.871354;,
  38.649789;183.543462;-26.273592;,
  37.896246;181.750438;-25.512936;,
  35.536864;178.433894;-24.560070;,
  38.904262;183.433894;-26.434643;,
  37.934960;176.448243;-23.876925;,
  36.077238;176.727014;-21.335176;,
  36.584650;177.223974;-26.908765;,
  36.235085;174.884979;-26.982906;,
  34.450317;176.676890;-24.366589;,
  36.077238;176.727014;-21.335176;,
  36.793763;178.136819;-23.705466;,
  26.227032;116.940608;33.535386;,
  26.755699;115.437120;39.226746;,
  23.298069;113.953434;34.240406;,
  24.012282;120.546214;31.750602;,
  17.818131;124.044109;33.551971;,
  22.627856;120.740698;27.483718;,
  26.590307;119.148454;22.998582;,
  23.307698;119.878592;20.490883;,
  20.768240;121.402074;24.284101;,
  16.702194;122.282893;27.598362;,
  13.493698;124.458202;30.065213;,
  9.071754;126.804902;33.273613;,
  11.677245;126.700954;35.920387;,
  12.846394;122.200563;34.852208;,
  9.469736;125.851187;38.300294;,
  10.543886;121.289792;39.447594;,
  6.825034;122.723328;40.956643;,
  9.110083;120.616230;45.358560;,
  9.923981;113.501043;46.687203;,
  9.515630;124.521971;39.941674;,
  7.073314;126.183117;41.032275;,
  11.964806;159.046643;44.798726;,
  5.043364;156.917056;38.823731;,
  7.273994;155.200307;43.041181;,
  8.758439;160.917658;40.701046;,
  33.810739;154.860979;44.958490;,
  28.315779;159.007258;44.071510;,
  28.581933;154.942298;48.079594;,
  22.411866;154.896154;48.751907;,
  22.108083;159.431142;44.542582;,
  16.542360;155.343066;49.625910;,
  15.396742;161.209088;43.786282;,
  9.083951;153.858522;49.638195;,
  3.007627;150.945216;40.741642;,
  21.760982;150.204288;53.198253;,
