xof 0303txt 0032
template ColorRGBA {
 <35ff44e0-6c7c-11cf-8f52-0040333594a3>
 FLOAT red;
 FLOAT green;
 FLOAT blue;
 FLOAT alpha;
}

template ColorRGB {
 <d3e16e81-7835-11cf-8f52-0040333594a3>
 FLOAT red;
 FLOAT green;
 FLOAT blue;
}

template Material {
 <3d82ab4d-62da-11cf-ab39-0020af71e433>
 ColorRGBA faceColor;
 FLOAT power;
 ColorRGB specularColor;
 ColorRGB emissiveColor;
 [...]
}

template TextureFilename {
 <a42790e1-7810-11cf-8f52-0040333594a3>
 STRING filename;
}

template Frame {
 <3d82ab46-62da-11cf-ab39-0020af71e433>
 [...]
}

template Matrix4x4 {
 <f6f23f45-7686-11cf-8f52-0040333594a3>
 array FLOAT matrix[16];
}

template FrameTransformMatrix {
 <f6f23f41-7686-11cf-8f52-0040333594a3>
 Matrix4x4 frameMatrix;
}

template Vector {
 <3d82ab5e-62da-11cf-ab39-0020af71e433>
 FLOAT x;
 FLOAT y;
 FLOAT z;
}

template MeshFace {
 <3d82ab5f-62da-11cf-ab39-0020af71e433>
 DWORD nFaceVertexIndices;
 array DWORD faceVertexIndices[nFaceVertexIndices];
}

template Mesh {
 <3d82ab44-62da-11cf-ab39-0020af71e433>
 DWORD nVertices;
 array Vector vertices[nVertices];
 DWORD nFaces;
 array MeshFace faces[nFaces];
 [...]
}

template MeshNormals {
 <f6f23f43-7686-11cf-8f52-0040333594a3>
 DWORD nNormals;
 array Vector normals[nNormals];
 DWORD nFaceNormals;
 array MeshFace faceNormals[nFaceNormals];
}

template MeshMaterialList {
 <f6f23f42-7686-11cf-8f52-0040333594a3>
 DWORD nMaterials;
 DWORD nFaceIndexes;
 array DWORD faceIndexes[nFaceIndexes];
 [Material <3d82ab4d-62da-11cf-ab39-0020af71e433>]
}

template Coords2d {
 <f6f23f44-7686-11cf-8f52-0040333594a3>
 FLOAT u;
 FLOAT v;
}

template MeshTextureCoords {
 <f6f23f40-7686-11cf-8f52-0040333594a3>
 DWORD nTextureCoords;
 array Coords2d textureCoords[nTextureCoords];
}

template XSkinMeshHeader {
 <3cf169ce-ff7c-44ab-93c0-f78f62d172e2>
 WORD nMaxSkinWeightsPerVertex;
 WORD nMaxSkinWeightsPerFace;
 WORD nBones;
}

template SkinWeights {
 <6f0d123b-bad2-4167-a0d0-80224f25fabb>
 STRING transformNodeName;
 DWORD nWeights;
 array DWORD vertexIndices[nWeights];
 array FLOAT weights[nWeights];
 Matrix4x4 matrixOffset;
}

template AnimTicksPerSecond {
 <9e415a43-7ba6-4a73-8743-b73d47e88476>
 DWORD AnimTicksPerSecond;
}

template Animation {
 <3d82ab4f-62da-11cf-ab39-0020af71e433>
 [...]
}

template AnimationSet {
 <3d82ab50-62da-11cf-ab39-0020af71e433>
 [Animation <3d82ab4f-62da-11cf-ab39-0020af71e433>]
}

template FloatKeys {
 <10dd46a9-775b-11cf-8f52-0040333594a3>
 DWORD nValues;
 array FLOAT values[nValues];
}

template TimedFloatKeys {
 <f406b180-7b3b-11cf-8f52-0040333594a3>
 DWORD time;
 FloatKeys tfkeys;
}

template AnimationKey {
 <10dd46a8-775b-11cf-8f52-0040333594a3>
 DWORD keyType;
 DWORD nKeys;
 array TimedFloatKeys keys[nKeys];
}


Material _01_-_Default {
 1.000000;1.000000;1.000000;1.000000;;
 9.999999;
 0.000000;0.000000;0.000000;;
 0.000000;0.000000;0.000000;;

 TextureFilename {
  "NPC_WD_Cripple_01_D.tga";
 }
}

Frame Loot_Dummy {
 

 FrameTransformMatrix {
  1.000000,0.000000,0.000000,0.000000,0.000000,1.000000,0.000000,0.000000,0.000000,0.000000,1.000000,0.000000,0.000000,0.000000,0.000001,1.000000;;
 }

 Frame Bip001 {
  

  FrameTransformMatrix {
   0.973662,-0.176455,-0.144379,0.000000,0.178323,0.983972,-0.000000,0.000000,0.142065,-0.025746,0.989523,0.000000,-10.243825,80.550650,-0.000001,1.000000;;
  }

  Frame Bip001-Pelvis {
   

   FrameTransformMatrix {
    -0.000000,1.000000,-0.000000,0.000000,-0.000001,-0.000000,1.000000,0.000000,1.000000,-0.000000,0.000001,0.000000,-0.000004,0.000000,-0.000001,1.000000;;
   }

   Frame Bip001-R-Thigh {
    

    FrameTransformMatrix {
     -0.787578,-0.146938,0.598440,0.000000,0.117855,-0.989145,-0.087768,0.000000,0.604840,0.001405,0.796346,0.000000,0.000023,-10.337294,-0.000008,1.000000;;
    }

    Frame Bip001-R-Calf {
     

     FrameTransformMatrix {
      0.482918,0.000000,-0.875666,0.000000,-0.000000,1.000000,-0.000000,0.000000,0.875666,0.000000,0.482918,0.000000,42.088154,-0.000034,-0.000008,1.000000;;
     }

     Frame Bip001-R-Foot {
      

      FrameTransformMatrix {
       0.821478,-0.156917,0.548225,0.000000,0.199149,0.979805,-0.017964,0.000000,-0.534335,0.123935,0.836138,0.000000,40.681117,-0.000036,0.000012,1.000000;;
      }

      Frame Bip001-R-Toe {
       

       FrameTransformMatrix {
        -0.000002,0.024274,0.999706,0.000000,0.000001,0.999705,-0.024274,0.000000,-1.000000,0.000001,-0.000002,0.000000,10.178925,-0.000013,11.643008,1.000000;;
       }
      }
     }
    }
   }

   Frame Bip001-L-Thigh {
    

    FrameTransformMatrix {
     -0.595954,0.225118,0.770818,0.000000,-0.261690,-0.961945,0.078613,0.000000,0.759182,-0.154866,0.632186,0.000000,0.000000,10.337286,0.000017,1.000000;;
    }

    Frame Bip001-L-Calf {
     

     FrameTransformMatrix {
      0.666854,0.000000,-0.745189,0.000000,0.000000,1.000000,0.000000,0.000000,0.745189,-0.000000,0.666853,0.000000,42.088179,0.000017,-0.000015,1.000000;;
     }

     Frame Bip001-L-Foot {
      

      FrameTransformMatrix {
       0.962095,0.246564,0.116533,0.000000,-0.270014,0.921213,0.280106,0.000000,-0.038288,-0.300954,0.952870,0.000000,40.681114,0.000011,0.000004,1.000000;;
      }

      Frame Bip001-L-Toe {
       

       FrameTransformMatrix {
        0.000295,-0.000063,1.000000,0.000000,0.000055,1.000000,0.000063,0.000000,-1.000000,0.000055,0.000295,0.000000,10.178930,-0.000006,11.643006,1.000000;;
       }
      }
     }
    }
   }

   Frame Bip001-Spine {
    

    FrameTransformMatrix {
     0.982898,-0.000016,0.184151,0.000000,-0.004046,0.999757,0.021681,0.000000,-0.184107,-0.022056,0.982658,0.000000,8.132813,0.000373,-1.548451,1.000000;;
    }

    Frame Bip001-Spine1_down {
     

     FrameTransformMatrix {
      0.959335,0.000930,0.282269,0.000000,-0.064280,0.974441,0.215252,0.000000,-0.274855,-0.224643,0.934875,0.000000,21.193504,0.005145,-0.021427,1.000000;;
     }

     Frame Bip001-L-Clavicle {
      

      FrameTransformMatrix {
       -0.317515,0.935971,0.152128,0.000000,0.948253,0.313535,0.050121,0.000000,-0.000786,0.160170,-0.987089,0.000000,24.632286,5.494379,-4.831253,1.000000;;
      }

      Frame Bip001-L-UpperArm {
       

       FrameTransformMatrix {
        0.668562,-0.742738,0.036948,0.000000,0.709743,0.652117,0.266473,0.000000,-0.222014,-0.151931,0.963134,0.000000,16.219544,-0.000015,0.000038,1.000000;;
       }

       Frame Bip001-L-Forearm {
        

        FrameTransformMatrix {
         0.625424,0.000000,-0.780285,0.000000,-0.000000,1.000000,0.000000,0.000000,0.780285,0.000000,0.625424,0.000000,25.971526,0.000008,0.000023,1.000000;;
        }

        Frame Bip001-L-Hand {
         

         FrameTransformMatrix {
          0.995546,-0.084550,-0.041697,0.000000,0.043932,0.024743,0.998728,0.000000,-0.083411,-0.996112,0.028347,0.000000,28.730717,0.000023,0.000032,1.000000;;
         }

         Frame Bip001-L-Finger2 {
          

          FrameTransformMatrix {
           0.883865,-0.003803,0.467727,0.000000,0.004120,0.999992,0.000345,0.000000,-0.467725,0.001622,0.883873,0.000000,12.545643,1.919773,-0.972424,1.000000;;
          }

          Frame Bip001-L-Finger21 {
           

           FrameTransformMatrix {
            0.829756,0.000000,0.558126,0.000000,-0.000001,1.000000,0.000000,0.000000,-0.558127,-0.000001,0.829756,0.000000,4.876354,0.000006,0.000002,1.000000;;
           }
          }
         }

         Frame Bip001-L-Finger1 {
          

          FrameTransformMatrix {
           0.972538,-0.075239,0.220250,0.000000,0.086860,0.995268,-0.043551,0.000000,-0.215931,0.061485,0.974471,0.000000,12.456371,-3.898686,-0.665253,1.000000;;
          }

          Frame Bip001-L-Finger11 {
           

           FrameTransformMatrix {
            0.639935,0.000001,0.768429,0.000000,-0.000001,1.000000,-0.000000,0.000000,-0.768429,-0.000000,0.639935,0.000000,5.380192,0.000002,0.000000,1.000000;;
           }
          }
         }

         Frame Bip001-L-Finger0 {
          

          FrameTransformMatrix {
           0.884527,-0.416810,0.209481,0.000000,0.332914,0.249462,-0.909361,0.000000,0.326773,0.874093,0.359417,0.000000,4.535660,-3.899920,3.020596,1.000000;;
          }

          Frame Bip001-L-Finger01 {
           

           FrameTransformMatrix {
            0.996241,0.000000,0.086625,0.000000,-0.000000,1.000000,0.000000,0.000000,-0.086625,-0.000000,0.996241,0.000000,6.186081,0.000011,0.000011,1.000000;;
           }
          }
         }
        }
       }
      }
     }

     Frame Bip001-Spine1_up {
      

      FrameTransformMatrix {
       1.000000,0.000000,0.000000,0.000000,-0.000000,1.000000,0.000000,0.000000,-0.000000,-0.000000,1.000000,0.000000,0.000000,-0.000002,0.000008,1.000000;;
      }

      Frame Bip001-Neck {
       

       FrameTransformMatrix {
        0.882145,0.062183,0.466854,0.000000,-0.028125,0.996432,-0.079576,0.000000,-0.470137,0.057067,0.880747,0.000000,28.925386,-0.000368,1.289909,1.000000;;
       }

       Frame Bip001-Head {
        

        FrameTransformMatrix {
         0.609442,-0.096622,-0.786921,0.000000,-0.185621,0.947571,-0.260105,0.000000,0.770795,0.304588,0.559555,0.000000,8.176369,0.000002,-0.000008,1.000000;;
        }

        Frame Bip001-Ponytail1 {
         

         FrameTransformMatrix {
          -0.424477,0.000002,0.905439,0.000000,-0.000002,1.000000,-0.000004,0.000000,-0.905439,-0.000004,-0.424477,0.000000,6.238830,0.000010,1.255360,1.000000;;
         }
        }
       }
      }

      Frame Bip001-R-Clavicle {
       

       FrameTransformMatrix {
        -0.463916,-0.881446,0.088513,0.000000,-0.885879,0.461684,-0.045459,0.000000,-0.000796,-0.099501,-0.995037,0.000000,24.632309,-5.494398,-4.831215,1.000000;;
       }

       Frame Bip001-R-UpperArm {
        

        FrameTransformMatrix {
         0.613265,0.768589,-0.182148,0.000000,-0.786206,0.616171,-0.047051,0.000000,0.076071,0.172061,0.982145,0.000000,16.219565,0.000015,0.000092,1.000000;;
        }

        Frame Bip001-R-Forearm {
         

         FrameTransformMatrix {
          0.798840,-0.000000,-0.601544,0.000000,0.000000,1.000000,0.000000,0.000000,0.601544,-0.000000,0.798840,0.000000,25.971504,-0.000019,0.000111,1.000000;;
         }

         Frame Bip001-R-Hand {
          

          FrameTransformMatrix {
           0.981053,0.189869,-0.038534,0.000000,-0.004092,-0.178547,-0.983923,0.000000,-0.193697,0.965438,-0.174387,0.000000,28.730720,-0.000031,0.000143,1.000000;;
          }

          Frame Bip001-R-Finger2 {
           

           FrameTransformMatrix {
            0.852050,0.003691,0.523448,0.000000,-0.004120,0.999991,-0.000345,0.000000,-0.523445,-0.001863,0.852057,0.000000,12.545635,-1.919811,-0.972469,1.000000;;
           }

           Frame Bip001-R-Finger21 {
            

            FrameTransformMatrix {
             0.557266,0.000002,0.830334,0.000000,0.000002,1.000000,-0.000004,0.000000,-0.830334,0.000004,0.557266,0.000000,4.876343,-0.000004,0.000002,1.000000;;
            }
           }
          }

          Frame Bip001-R-Finger1 {
           

           FrameTransformMatrix {
            0.996210,0.086575,0.008403,0.000000,-0.086860,0.995268,0.043551,0.000000,-0.004593,-0.044116,0.999016,0.000000,12.456390,3.898651,-0.665306,1.000000;;
           }

           Frame Bip001-R-Finger11 {
            

            FrameTransformMatrix {
             0.639937,-0.000001,0.768427,0.000000,0.000004,1.000000,-0.000002,0.000000,-0.768427,0.000005,0.639937,0.000000,5.380180,-0.000025,-0.000004,1.000000;;
            }
           }
          }

          Frame Bip001-R-Finger0 {
           

           FrameTransformMatrix {
            0.856628,0.129375,0.499451,0.000000,-0.280320,-0.695992,0.661072,0.000000,0.433140,-0.706299,-0.559939,0.000000,4.535683,3.899910,3.020542,1.000000;;
           }

           Frame Bip001-R-Finger01 {
            

            FrameTransformMatrix {
             0.996241,0.000000,0.086628,0.000000,0.000000,1.000000,-0.000003,0.000000,-0.086628,0.000003,0.996241,0.000000,6.186081,0.000002,0.000011,1.000000;;
            }
           }
          }
         }
        }
       }
      }
     }
    }
   }
  }
 }
}

Frame NPC_WD_Cripple_01 {
 

 FrameTransformMatrix {
  1.000000,0.000000,0.000000,0.000000,0.000000,1.000000,0.000000,0.000000,0.000000,0.000000,1.000000,0.000000,0.000000,0.000000,0.000000,1.000000;;
 }

 Mesh NPC_WD_Cripple_01 {
  3053;
  24.837616;61.962496;20.694534;,
  24.264915;62.507443;21.715210;,
  23.954952;62.662554;20.552475;,
  21.970834;63.244218;21.295624;,
  21.287010;65.154874;21.124702;,
  22.413181;63.532282;20.738326;,
  22.935845;62.819430;20.790382;,
  22.413181;63.532282;20.738326;,
  23.292885;62.600902;22.251830;,
  22.924114;63.178720;22.868309;,
  22.199851;63.103418;22.444458;,
  21.309346;64.394534;23.075410;,
  20.856667;64.639955;21.663723;,
  19.910747;65.542880;22.273064;,
  20.570952;66.072461;21.718120;,
  21.287010;65.154874;21.124702;,
  21.930536;64.677888;23.645922;,
  21.216874;65.459686;24.134128;,
  20.302528;65.033299;23.633397;,
  19.305707;66.498227;22.700102;,
  19.538323;65.783814;24.093045;,
  17.806696;67.890131;23.599414;,
  18.913174;66.086592;25.122080;,
  20.634610;66.179994;24.867680;,
  19.931035;66.909926;25.741310;,
  20.605462;67.662458;25.883781;,
  16.585194;67.442029;25.852997;,
  18.161117;66.236480;26.279709;,
  18.913174;66.086592;25.122080;,
  20.558166;65.584666;26.802613;,
  21.844874;65.942976;26.599637;,
  21.644291;63.781728;26.878608;,
  22.606990;64.246221;26.732658;,
  21.899469;62.640685;27.588202;,
  22.713302;63.137632;26.884605;,
  16.816635;65.093382;29.073990;,
  15.281806;67.561478;28.765786;,
  19.074093;64.294726;27.877082;,
  20.828155;62.761389;28.575997;,
  21.717736;62.704326;29.341514;,
  22.055026;62.138400;28.855798;,
  22.488491;60.554022;27.042445;,
  16.697083;60.940435;31.146957;,
  17.626342;62.737837;29.260659;,
  18.927574;61.560346;29.958182;,
  15.347728;61.901274;30.798934;,
  14.031632;64.033235;30.707002;,
  12.333193;67.153466;30.339229;,
  14.115589;69.130080;28.354698;,
  15.869811;68.954829;24.791486;,
  13.800851;72.250790;27.510429;,
  11.775453;70.908621;29.811635;,
  12.156742;70.852096;32.649158;,
  12.671247;67.021146;33.028723;,
  12.333193;67.153466;30.339229;,
  13.726091;63.583910;33.144166;,
  14.366418;61.561427;32.614624;,
  14.841546;60.651910;32.684906;,
  15.297432;60.638778;31.521722;,
  17.082952;60.759072;31.913376;,
  16.324059;60.436806;31.422195;,
  15.300224;59.157658;31.100106;,
  16.244499;59.191917;31.130410;,
  15.352914;58.703904;30.860269;,
  16.288002;58.662963;30.788963;,
  15.354155;58.312480;30.758394;,
  16.222565;58.210470;30.634371;,
  15.954549;56.747789;30.033418;,
  14.559166;56.528141;30.960474;,
  15.152947;56.907878;30.224224;,
  14.734206;57.809446;31.610867;,
  14.706474;58.453619;31.915290;,
  14.792984;58.926669;32.111200;,
  14.718133;60.242362;32.544618;,
  15.568539;55.776326;29.357344;,
  14.699616;55.915200;29.408451;,
  15.192858;55.246054;28.948707;,
  13.998168;55.126074;29.521008;,
  14.141042;54.466048;29.592518;,
  14.172258;55.637190;30.103210;,
  15.293427;54.613587;29.012803;,
  14.421568;53.909677;28.636867;,
  16.738037;59.980403;32.427277;,
  17.082952;60.759072;31.913376;,
  17.590670;60.887174;32.977898;,
  16.324059;60.436806;31.422195;,
  16.244499;59.191917;31.130410;,
  16.698403;58.502221;32.041498;,
  16.288002;58.662963;30.788963;,
  16.809128;57.935232;31.783197;,
  16.171280;58.217485;32.704413;,
  16.383827;59.858995;33.273315;,
  16.519202;60.689542;33.807187;,
  17.445400;62.441011;33.616848;,
  19.228541;61.399590;33.221152;,
  18.892621;62.878144;33.635571;,
  16.258421;61.788122;34.159024;,
  15.210472;57.802394;32.578714;,
  15.330437;58.403360;32.698022;,
  15.316429;59.850656;33.171418;,
  15.463080;60.605370;33.742710;,
  14.840205;61.544742;33.685021;,
  15.726482;63.981446;34.311990;,
  18.195678;64.865107;33.602602;,
  14.657910;67.762682;34.048026;,
  13.726091;63.583910;33.144166;,
  14.366418;61.561427;32.614624;,
  14.841546;60.651910;32.684906;,
  14.718133;60.242362;32.544618;,
  14.792984;58.926669;32.111200;,
  14.706474;58.453619;31.915290;,
  18.833384;70.233402;32.299574;,
  15.791730;72.220614;33.181645;,
  16.934758;69.226163;33.429104;,
  13.300832;71.593293;33.094090;,
  12.156742;70.852096;32.649158;,
  12.671247;67.021146;33.028723;,
  20.688826;70.557645;25.429955;,
  21.394522;68.599718;27.171248;,
  21.068659;68.758752;25.597667;,
  20.234824;70.781882;27.241443;,
  19.947456;71.117683;29.916467;,
  21.924827;67.281875;29.617699;,
  20.499405;65.877203;32.015504;,
  17.402824;72.935501;32.243181;,
  18.510203;74.327226;29.597245;,
  17.414378;73.644211;26.462706;,
  18.728690;71.599859;24.594765;,
  16.917981;70.591520;23.811122;,
  19.782685;69.949843;23.278410;,
  18.299570;69.019834;22.964237;,
  20.801907;68.215136;22.454424;,
  15.739315;73.207270;26.593006;,
  22.363850;66.027098;21.173064;,
  24.277366;63.911430;21.430008;,
  23.543381;63.939264;20.523690;,
  23.061986;66.099686;22.351520;,
  21.743363;66.872378;21.790098;,
  22.435371;66.876435;22.816952;,
  21.645354;68.080691;23.495136;,
  20.970328;69.608134;24.361845;,
  24.118573;63.546861;22.565307;,
  24.837616;61.962496;20.694534;,
  22.977989;65.517434;23.568043;,
  22.327179;66.341158;23.903627;,
  21.516582;67.245402;24.534070;,
  24.264915;62.507443;21.715210;,
  22.924114;63.178720;22.868309;,
  21.930536;64.677888;23.645922;,
  21.216874;65.459686;24.134128;,
  20.634610;66.179994;24.867680;,
  20.605462;67.662458;25.883781;,
  21.844874;65.942976;26.599637;,
  22.301602;66.337510;27.917760;,
  22.606990;64.246221;26.732658;,
  23.243464;64.430701;27.845248;,
  22.713302;63.137632;26.884605;,
  23.429482;63.140666;27.670742;,
  23.447918;61.009050;26.343106;,
  24.321400;60.907398;27.007469;,
  23.761150;60.244621;26.147725;,
  23.131570;65.643526;29.355501;,
  23.643715;64.308134;29.279786;,
  23.828696;62.891142;28.753773;,
  24.556197;60.540339;28.007344;,
  24.516814;60.106419;26.652128;,
  24.872261;59.665389;27.727734;,
  22.951304;62.358214;29.265446;,
  22.153893;63.374944;29.958061;,
  23.658147;60.057222;28.666253;,
  23.907619;59.184275;28.369578;,
  24.935061;58.918253;27.338368;,
  24.151627;58.501510;27.936218;,
  22.967299;59.313152;27.974294;,
  22.722120;60.142189;28.236854;,
  22.055026;62.138400;28.855798;,
  21.717736;62.704326;29.341514;,
  23.205248;58.665907;27.722883;,
  24.606816;59.533594;26.510627;,
  24.660347;57.647078;26.248552;,
  23.899931;57.307482;26.754421;,
  22.966814;57.462637;26.554363;,
  23.073746;56.135424;25.031472;,
  22.214669;56.701600;25.160179;,
  23.651291;56.791315;24.733330;,
  23.199234;55.855789;23.798874;,
  22.849190;55.727821;24.194176;,
  23.575226;57.214586;23.936379;,
  24.454869;58.226362;25.447467;,
  22.350814;55.958509;23.930862;,
  22.401763;55.419603;22.976242;,
  23.308326;56.213523;23.390739;,
  22.804322;56.488902;23.310814;,
  22.963517;57.906835;23.741584;,
  23.550955;58.620806;25.035685;,
  23.859493;59.705805;25.984986;,
  16.222565;58.210470;30.634371;,
  15.224531;54.780410;30.180995;,
  15.293427;54.613587;29.012803;,
  15.745970;55.116941;29.802448;,
  15.568539;55.776326;29.357344;,
  16.260158;56.117773;30.751680;,
  15.954549;56.747789;30.033418;,
  16.557718;57.272019;31.485869;,
  16.178726;57.570029;32.514602;,
  15.729016;55.867686;31.319139;,
  16.001011;56.948499;32.137302;,
  15.185493;57.080582;32.202656;,
  14.734206;57.809446;31.610867;,
  14.956821;55.978829;31.454976;,
  14.567602;54.960877;30.506685;,
  14.141042;54.466048;29.592518;,
  14.421568;53.909677;28.636867;,
  14.172258;55.637190;30.103210;,
  14.559166;56.528141;30.960474;,
  21.937928;59.279309;29.550070;,
  22.261971;59.289760;28.233315;,
  22.183541;59.819872;28.530854;,
  22.020835;58.666438;29.247194;,
  21.311294;59.531808;27.592179;,
  21.311005;60.031904;27.867629;,
  22.137570;58.359130;27.665514;,
  21.863155;57.750362;28.399811;,
  20.899666;58.364730;29.498429;,
  20.836914;58.945485;29.697693;,
  21.615379;61.035142;30.439782;,
  21.335835;58.813306;27.123917;,
  21.859306;61.563334;29.533158;,
  21.103310;61.921978;28.621110;,
  21.822814;62.783238;31.645389;,
  20.587150;60.811725;30.552483;,
  20.066658;59.139104;29.357789;,
  20.014320;58.706266;28.907571;,
  20.980526;57.470381;28.647901;,
  19.748368;60.842758;30.160941;,
  19.497952;61.538656;30.606243;,
  19.979443;62.007968;31.586963;,
  19.761008;63.637568;32.284979;,
  19.446533;60.412819;31.228499;,
  18.966645;60.835277;30.132362;,
  19.037781;59.467264;29.751450;,
  19.657173;58.789069;30.626640;,
  19.810379;58.215386;30.330026;,
  17.338074;58.838752;30.673997;,
  18.071960;57.618445;31.204461;,
  18.091072;58.234982;31.447462;,
  17.960808;59.840179;31.974189;,
  19.089912;59.864410;32.176918;,
  19.249824;58.135002;31.549094;,
  17.131134;60.197715;31.187859;,
  19.291366;57.493421;31.264419;,
  19.132131;56.650694;30.515987;,
  18.207187;56.808653;30.614957;,
  18.852715;56.046298;29.834960;,
  17.992058;56.065472;29.860714;,
  18.603173;55.378995;29.059946;,
  17.708378;55.343162;29.242886;,
  18.058616;54.716314;27.890864;,
  18.627930;54.581587;27.268317;,
  17.853058;53.871027;27.123056;,
  19.088581;55.892979;28.422570;,
  19.259742;56.509146;29.186835;,
  19.622398;57.254285;29.808957;,
  17.376845;54.500691;27.950294;,
  17.060099;53.934893;26.856541;,
  17.220312;53.498710;26.056472;,
  17.980426;54.268877;26.328573;,
  18.259608;55.624109;26.783691;,
  18.608990;56.555872;27.864883;,
  18.825962;57.054976;28.444618;,
  19.013872;58.127853;29.189248;,
  19.093117;58.899462;29.488150;,
  33.605430;136.299341;-2.201925;,
  34.734483;136.143155;-2.929053;,
  33.689075;136.456320;-2.954423;,
  34.813491;135.978086;-2.106191;,
  35.225430;135.297190;-2.301765;,
  34.536851;135.642074;-2.087115;,
  33.463571;136.032883;-2.081707;,
  32.220093;136.212557;-2.165468;,
  32.173843;136.440947;-2.254613;,
  32.384739;136.527603;-3.006647;,
  33.637283;136.235814;-4.119613;,
  34.794301;136.118682;-5.263615;,
  35.618662;135.528666;-5.092000;,
  35.548051;135.424000;-5.810358;,
  34.889984;135.911603;-6.077833;,
  32.360512;136.163955;-4.143994;,
  31.529846;136.381427;-2.168380;,
  31.344838;136.027430;-4.161266;,
  32.426582;136.486784;-5.291906;,
  33.733146;136.414349;-5.291413;,
  33.676202;136.229786;-6.036306;,
  32.246582;136.374310;-6.047409;,
  31.605981;136.311565;-6.156359;,
  32.321830;136.051226;-6.125163;,
  33.539366;135.962918;-6.156575;,
  34.611613;135.573286;-6.095857;,
  35.293363;135.236250;-5.843100;,
  35.962643;134.889165;-5.196150;,
  35.556221;135.546496;-3.045568;,
  35.478144;135.481933;-2.330595;,
  35.734074;134.631526;-5.118757;,
  35.915078;134.926707;-2.910551;,
  35.691738;134.669146;-2.987788;,
  11.765603;74.032653;29.743731;,
  13.800851;72.250790;27.510429;,
  11.775453;70.908621;29.811635;,
  11.713958;78.483750;27.647286;,
  10.451603;75.883987;29.623885;,
  9.473206;77.262483;29.534653;,
  12.569935;76.877990;27.740678;,
  13.552778;75.034253;27.847901;,
  15.599043;75.874682;27.039126;,
  15.739315;73.207270;26.593006;,
  17.414378;73.644211;26.462706;,
  17.414595;75.993606;29.560944;,
  18.510203;74.327226;29.597245;,
  15.824074;77.198682;32.081773;,
  16.768248;75.031142;32.174749;,
  16.386104;78.053664;29.292237;,
  14.804589;77.672992;26.994355;,
  14.097165;80.078298;26.885024;,
  10.372013;79.824928;25.795731;,
  12.240295;85.783341;26.347176;,
  13.582931;86.488218;28.620131;,
  14.745464;79.877197;31.951194;,
  12.679402;78.572877;33.492278;,
  10.066074;83.878784;33.623978;,
  13.895352;76.263930;33.433440;,
  3.376191;87.552006;33.206531;,
  7.526123;83.421741;33.801034;,
  5.985535;88.163232;34.266371;,
  9.998898;78.029024;33.374902;,
  11.357902;75.712858;33.322992;,
  12.192840;73.293709;33.512253;,
  14.949568;74.286438;33.382800;,
  5.493424;82.606349;31.604186;,
  2.659569;86.584947;29.553088;,
  -1.282425;93.444186;29.690992;,
  17.402824;72.935501;32.243181;,
  15.791730;72.220614;33.181645;,
  13.300832;71.593293;33.094090;,
  10.975228;73.704211;31.301210;,
  10.192429;75.690797;31.621245;,
  12.156742;70.852096;32.649158;,
  11.775453;70.908621;29.811635;,
  11.765603;74.032653;29.743731;,
  10.451603;75.883987;29.623885;,
  9.473206;77.262483;29.534653;,
  8.937397;77.574918;31.530013;,
  5.998145;83.363219;29.114563;,
  7.503139;83.231763;26.681290;,
  4.916624;87.335168;26.516082;,
  1.534601;92.125850;26.198654;,
  0.982574;96.710234;25.553224;,
  -1.837913;98.353658;28.039856;,
  1.158586;99.945517;24.600478;,
  -0.296450;104.072358;30.741478;,
  0.848152;102.645606;33.042986;,
  1.722535;104.079546;32.324736;,
  -0.711254;102.172269;31.943168;,
  -1.287581;101.301120;29.954451;,
  -1.671838;99.179258;30.564806;,
  -1.501071;97.035910;31.484906;,
  -0.139308;94.335008;33.610275;,
  -0.568005;96.735552;33.480739;,
  1.086182;97.527059;34.659405;,
  -1.132967;100.091603;33.209990;,
  1.473087;100.618886;34.295482;,
  2.927784;100.513062;34.182090;,
  3.503144;95.645984;34.901078;,
  5.660316;100.654688;33.554438;,
  13.098674;93.588486;28.530307;,
  13.926266;88.198784;32.028656;,
  12.290170;93.560326;32.258378;,
  10.619225;88.396704;33.460579;,
  7.404094;96.455002;34.756102;,
  10.627747;97.764890;31.372070;,
  11.220650;97.069402;27.927645;,
  8.837086;100.551200;31.811709;,
  9.967638;99.835475;27.887965;,
  8.761791;96.847219;25.615563;,
  10.186267;92.729926;25.935502;,
  5.668394;99.252378;25.549435;,
  8.054417;99.878861;25.857845;,
  9.936364;101.566022;27.502506;,
  7.782428;102.632096;31.554010;,
  5.254177;104.071725;32.552333;,
  3.814789;107.776474;29.753990;,
  -1.266700;101.303296;27.001962;,
  -1.750938;106.026400;26.903440;,
  1.024998;107.622438;28.539536;,
  1.816441;111.100096;24.425842;,
  -0.168324;103.640474;24.089669;,
  2.961639;108.296141;21.613411;,
  6.175924;113.034957;20.271872;,
  3.758726;115.570202;22.929150;,
  8.484865;116.277811;18.861470;,
  6.294350;119.504640;21.542650;,
  9.240858;118.469338;17.969318;,
  2.712574;111.598925;26.691773;,
  5.030137;116.413683;25.945677;,
  7.476198;121.746458;24.025114;,
  7.452133;115.233088;27.188432;,
  10.699750;121.845120;25.262341;,
  10.971730;114.514893;27.952026;,
  13.792059;120.616870;25.404835;,
  7.111828;112.107315;27.959245;,
  7.592242;111.880038;28.529344;,
  5.357349;109.966490;28.581558;,
  9.231342;111.396826;29.395187;,
  12.884326;111.099789;26.923280;,
  6.438474;108.171571;29.915350;,
  7.585776;107.646541;30.781264;,
  3.651180;105.415232;31.145325;,
  11.979008;105.460755;21.402840;,
  14.002437;109.561510;24.147866;,
  12.652195;106.593139;25.415909;,
  10.668752;109.655373;27.616256;,
  10.358203;109.893696;28.419043;,
  8.380996;107.045517;29.956979;,
  7.181438;103.699712;31.388579;,
  14.050166;108.449690;20.470184;,
  11.665096;108.656346;18.002434;,
  16.458645;112.430259;20.469419;,
  14.876438;112.761152;23.836189;,
  13.751618;114.421402;26.544086;,
  14.612720;117.819891;25.613450;,
  18.226982;119.732058;24.872112;,
  17.148973;116.402547;26.403296;,
  19.823547;118.566221;23.190934;,
  19.041646;114.759334;24.030277;,
  19.362826;115.368922;22.834102;,
  17.417477;112.761446;23.815917;,
  16.769251;115.030848;22.652614;,
  17.923656;113.684454;21.924011;,
  20.548334;124.870106;20.378162;,
  20.859200;118.955610;20.983173;,
  19.838272;114.930278;19.548203;,
  17.452456;114.912000;19.765829;,
  14.929314;112.822093;17.836061;,
  11.676966;113.386496;18.049480;,
  16.513120;115.816077;16.750584;,
  12.930908;115.274906;16.908330;,
  22.015957;121.649562;17.837397;,
  20.605331;117.018509;18.621979;,
  18.595800;116.009997;17.898506;,
  16.806688;116.044186;14.520538;,
  13.498963;116.708685;15.563610;,
  9.240858;118.469338;17.969318;,
  8.484865;116.277811;18.861470;,
  6.175924;113.034957;20.271872;,
  21.372658;119.640550;16.718637;,
  20.365608;117.185651;15.493994;,
  9.265194;109.770406;18.456909;,
  5.945660;106.218336;20.406571;,
  2.961639;108.296141;21.613411;,
  3.230587;101.367648;23.459934;,
  -0.168324;103.640474;24.089669;,
  1.158586;99.945517;24.600478;,
  3.851115;99.163590;24.674835;,
  0.982574;96.710234;25.553224;,
  4.355420;96.133242;24.624890;,
  10.063595;105.681901;19.292435;,
  6.276970;103.201645;19.961213;,
  6.490523;96.255078;25.735006;,
  7.026409;92.400314;25.074542;,
  4.893852;100.275878;21.816414;,
  9.233784;102.068045;20.801346;,
  9.183026;99.841485;24.237038;,
  6.094085;98.645216;23.683437;,
  7.408491;98.959770;22.308128;,
  10.657684;101.929952;22.744426;,
  10.623257;103.429178;26.670731;,
  8.139195;105.598803;29.252822;,
  9.298003;107.651686;28.159485;,
  -9.665290;126.730701;-4.170256;,
  -9.373597;123.483558;-2.657198;,
  -8.751198;123.695731;-0.049809;,
  -6.384684;121.440730;2.381491;,
  -2.482038;122.780621;2.020888;,
  -10.513782;120.797939;1.025952;,
  -5.596642;118.743987;2.644364;,
  -10.518485;121.259507;-2.783301;,
  -12.087506;122.606630;-4.266672;,
  -11.693607;125.287488;-9.123172;,
  -8.107093;129.044160;-7.864673;,
  -9.333510;123.624320;-11.970550;,
  -7.581978;127.514534;-12.390351;,
  -6.809502;132.652698;-12.009968;,
  -6.426916;132.755571;-7.861329;,
  -7.651720;121.530227;-14.749653;,
  -4.925644;124.121613;-15.508469;,
  -6.656638;128.185293;-14.930557;,
  -6.018218;131.397632;-15.263741;,
  -3.330429;135.730854;-13.030963;,
  -0.826800;135.435290;-8.052387;,
  -3.574175;133.173274;-4.038939;,
  -5.794280;128.494822;-3.604918;,
  -8.517144;118.706342;-14.769730;,
  -12.299613;120.171430;-8.655854;,
  -4.117574;115.958797;-16.665405;,
  -3.149701;118.422490;-16.764877;,
  -0.976422;121.634022;-16.881594;,
  -4.245562;124.266394;-16.336408;,
  -7.372562;127.385510;-16.269054;,
  -7.121888;130.583949;-17.580064;,
  -5.405569;112.122278;-16.524902;,
  -10.127678;111.176448;-14.018053;,
  -9.281874;115.759142;-14.688477;,
  -13.971042;114.095846;-9.854820;,
  -12.841333;119.982822;-5.108214;,
  -14.389237;114.815245;-5.194948;,
  -10.430941;116.831578;0.553097;,
  -12.930034;114.838989;-0.403369;,
  -9.988398;113.205632;2.030067;,
  -14.071469;106.393952;1.388006;,
  -16.048901;107.005267;-1.975327;,
  -16.181549;107.957338;-6.067768;,
  -14.550269;107.869146;-10.019501;,
  -10.878478;106.816666;-13.546678;,
  -15.930338;101.729075;-9.776725;,
  -17.917544;100.487898;-6.076556;,
  -18.135330;99.063814;-2.056925;,
  -17.192469;98.639366;1.414345;,
  -11.609467;101.524224;-12.774012;,
  -18.754594;95.647462;-10.263088;,
  -14.825270;94.926330;-13.284664;,
  -10.536223;94.412448;-14.245048;,
  -7.589326;100.031808;-14.176854;,
  -6.498968;104.197005;-14.604845;,
  -6.091263;107.519501;-15.848440;,
  -16.280918;94.163667;8.445406;,
  -13.431482;94.003066;11.187121;,
  -14.489498;99.435674;8.318165;,
  -16.852701;98.845952;5.079576;,
  -18.384730;93.832486;4.857034;,
  -18.999883;93.519373;1.665550;,
  -19.419950;93.991744;-2.019610;,
  -19.755528;94.745568;-6.080770;,
  -14.007731;106.279238;5.504936;,
  -12.514873;104.236640;9.077032;,
  -11.359509;99.167898;10.704905;,
  -7.978114;102.464326;12.535417;,
  -10.524767;107.809613;10.406668;,
  -6.339172;105.638918;12.463168;,
  -9.253457;107.743462;13.162626;,
  -4.530669;107.731302;15.285043;,
  0.166464;106.352890;14.571541;,
  3.916382;109.254618;15.075933;,
  -1.824225;104.185523;13.704958;,
  -2.768665;102.767341;12.751429;,
  -3.788550;100.110605;13.500170;,
  -9.535634;98.363654;13.271214;,
  -5.296069;96.125869;13.931611;,
  -10.813266;93.833453;12.459980;,
  -5.502856;92.942938;13.306487;,
  31.626941;154.848730;-5.910223;,
  27.696656;155.382106;-5.024793;,
  29.475373;154.568896;-3.681030;,
  23.710194;152.886336;-10.361988;,
  20.759818;153.137587;-8.256990;,
  23.912205;153.659712;-8.094650;,
  25.904910;153.664883;-10.130493;,
  25.868952;155.160986;-8.067710;,
  27.285043;154.900442;-7.813061;,
  26.002291;155.706637;-5.979699;,
  26.942480;155.140198;-3.761624;,
  29.132422;154.896243;-1.863522;,
  27.286842;153.739136;-1.089515;,
  28.096333;153.999808;-10.487624;,
  24.783490;153.820621;-4.017978;,
  24.635795;154.648691;-2.188814;,
  21.521112;154.485133;-3.135523;,
  22.667534;154.748774;-5.500541;,
  23.185512;153.712550;-0.648051;,
  20.262981;151.540058;0.066444;,
  20.180478;150.883622;2.152045;,
  21.973992;151.501466;2.713531;,
  21.486370;152.807987;0.250584;,
  24.807950;152.404352;1.971891;,
  20.302890;153.392576;-2.377971;,
  20.504027;153.444813;-4.991382;,
  19.935989;152.111578;-2.301657;,
  20.055026;151.894195;-4.854625;,
  19.276651;151.242586;-7.579683;,
  19.518075;150.396992;-9.100565;,
  19.879754;150.949235;-10.107669;,
  19.084490;148.956454;-10.006077;,
  19.738957;149.150899;-10.991543;,
  17.473683;147.481152;-9.657994;,
  18.133186;150.109747;0.603348;,
  16.583221;148.929677;-1.420985;,
  17.903285;147.635891;0.425346;,
  17.261614;151.412710;-2.470915;,
  17.434150;151.340352;-4.356783;,
  18.028202;150.998285;-7.120960;,
  17.790235;149.342886;-8.603809;,
  17.257982;148.530611;-7.074991;,
  16.656307;145.220595;-6.486345;,
  16.508774;146.205645;-5.660932;,
  17.097475;147.637939;-4.040254;,
  18.310066;145.390170;-11.003653;,
  16.543358;143.250048;-8.277995;,
  16.882464;143.576115;-5.063934;,
  16.247222;144.668493;-3.557286;,
  17.097715;144.993869;-1.660151;,
  23.263174;150.360858;-12.660405;,
  21.388758;151.230566;-11.011230;,
  21.975691;149.026944;-11.042708;,
  21.081496;146.761293;-13.115552;,
  19.975035;143.784666;-11.140362;,
  18.731832;141.783155;-9.138173;,
  16.861118;141.277862;-6.764968;,
  22.068085;145.086336;-12.295842;,
  22.796994;147.483174;-13.938043;,
  23.881168;148.877811;-13.337542;,
  17.482651;141.467558;-4.288442;,
  18.073139;140.056742;-7.059794;,
  17.658890;142.616435;-1.610661;,
  18.169197;144.954803;1.023126;,
  19.350915;147.784563;1.655387;,
  18.340176;141.243174;0.591226;,
  20.373224;145.708467;3.212118;,
  21.680914;148.631411;3.015988;,
  22.204739;147.707456;4.071204;,
  23.894795;147.619021;3.799997;,
  22.822430;145.038733;3.529472;,
  23.494533;149.739610;2.732870;,
  18.129234;140.727232;-2.042894;,
  19.346366;140.277811;-0.950385;,
  21.011578;138.925568;0.545989;,
  20.054138;141.630720;2.568367;,
  20.300235;144.068211;3.186729;,
  23.097845;142.175283;3.904680;,
  23.163544;140.255782;2.302560;,
  24.865835;137.976742;1.971081;,
  0.519909;69.115085;-20.901384;,
  4.406585;63.505357;-21.604984;,
  -1.657803;67.701293;-22.380896;,
  -1.681522;74.494189;-19.220459;,
  3.770031;71.043994;-20.355541;,
  -4.348250;72.845395;-21.458526;,
  -5.012127;63.524320;-21.385952;,
  -9.538807;69.257811;-19.346096;,
  -8.821465;61.528826;-17.841872;,
  -11.895359;67.303187;-16.074509;,
  -12.082264;64.893600;-11.083280;,
  -14.636688;68.811923;-10.476523;,
  -13.548755;70.419846;-15.104997;,
  -12.706083;74.474739;-16.917142;,
  -16.618890;73.137146;-14.432963;,
  -4.498974;55.546336;-19.857766;,
  2.317545;46.728118;-18.500664;,
  0.441589;49.869795;-21.933490;,
  2.261400;47.340986;-22.466522;,
  -0.551781;48.865632;-17.479781;,
  -4.959779;54.247155;-15.177018;,
  -9.181106;59.562016;-12.989601;,
  -7.165282;60.424550;-8.288167;,
  -10.738508;65.485734;-6.225315;,
  -3.880703;67.997811;-4.499305;,
  -0.883887;63.338227;-6.204814;,
  2.661066;56.418067;-9.423471;,
  -3.413883;54.261171;-11.088142;,
  1.122766;48.497901;-13.878290;,
  7.128195;49.530304;-12.240946;,
  6.730057;45.811805;-13.132954;,
  2.733282;46.251283;-14.643720;,
  2.475169;44.639366;-15.438491;,
  6.153940;42.158122;-14.067933;,
  3.673540;39.113891;-15.806451;,
  1.953128;44.586125;-18.891392;,
  -0.749546;42.257082;-15.603824;,
  -2.007464;42.809440;-18.338557;,
  -4.692978;39.564266;-15.367453;,
  -5.748664;40.287450;-18.054856;,
  -10.467818;34.827456;-21.844947;,
  -10.283431;34.604214;-17.730398;,
  -9.208230;33.367478;-25.357910;,
  -12.831580;27.962662;-23.104003;,
  -13.897858;29.771690;-21.390581;,
  -13.706614;26.769787;-21.079363;,
  -13.758736;27.853312;-17.722453;,
  -8.788544;26.427970;-25.915266;,
  -4.873008;31.452186;-25.944523;,
  -4.742943;38.834320;-24.648781;,
  -6.194054;40.091824;-21.631192;,
  -1.935278;42.642032;-22.283688;,
  1.333844;45.029338;-22.762522;,
  -0.316504;41.699539;-24.087501;,
  0.566753;36.165280;-25.428906;,
  -1.493064;27.864976;-24.095680;,
  -4.322195;21.662531;-20.980134;,
  -6.679407;22.703483;-22.961026;,
  4.448796;33.851152;-23.870710;,
  4.567193;39.600490;-24.838085;,
  5.929778;43.882202;-24.299094;,
  0.791429;26.527458;-21.520258;,
  10.135765;36.949981;-21.982822;,
  6.364931;32.834854;-21.793248;,
  0.283842;27.348595;-18.521216;,
  0.791429;26.527458;-21.520258;,
  -5.360741;21.981386;-18.086699;,
  -9.540669;15.775171;-20.334790;,
  -11.098999;16.607075;-18.474064;,
  -12.158989;12.065054;-19.960310;,
  -16.879723;8.949624;-23.127677;,
  -14.324320;10.357460;-21.712774;,
  -13.863718;9.664596;-21.573131;,
  -13.198498;10.088266;-19.604902;,
  -13.974714;12.463234;-18.244998;,
  -12.429538;17.328638;-16.360810;,
  -7.201294;24.559341;-15.624526;,
  -1.597080;29.455728;-15.473877;,
  -16.554683;11.897717;-15.892328;,
  -15.116763;8.079766;-16.933099;,
  -17.679550;9.353835;-15.538707;,
  -19.099848;6.495914;-16.209282;,
  -15.047326;10.062931;-16.915235;,
  -13.014452;9.471110;-19.283574;,
  2.935938;34.613626;-16.446195;,
  5.909307;33.103658;-19.126650;,
  8.297345;37.792595;-16.626363;,
  10.111200;37.913731;-19.361970;,
  10.852714;42.331408;-15.743654;,
  12.232993;42.752502;-18.665650;,
  11.824043;46.368093;-14.816674;,
  14.190525;46.857750;-18.347728;,
  12.364038;50.389885;-13.542208;,
  14.154498;51.333379;-17.247525;,
  13.052477;40.323504;-20.454157;,
  13.780720;42.980941;-20.197907;,
  14.653434;46.176499;-21.838566;,
  14.876318;45.427053;-20.000920;,
  14.087826;43.268806;-22.184278;,
  12.876131;40.240723;-22.257456;,
  13.725269;46.258467;-23.599482;,
  12.278338;48.190954;-23.627350;,
  13.212312;49.652787;-20.329602;,
  10.797545;43.805053;-24.530854;,
  12.966116;43.671114;-23.952370;,
  12.012825;40.957974;-23.648059;,
  8.957651;38.633453;-23.930398;,
  6.971561;47.288720;-24.193019;,
  7.550565;49.845139;-25.811422;,
  12.631872;50.408746;-25.235395;,
  7.730632;53.456128;-26.651750;,
  10.977898;55.066035;-25.985371;,
  4.850970;58.678093;-24.993086;,
  4.349110;52.227037;-24.155184;,
  -0.824755;57.286630;-22.774573;,
  1.270815;62.163878;-23.077162;,
  9.254785;60.158061;-24.455600;,
  12.409435;59.718221;-15.080070;,
  12.803734;58.544102;-19.389830;,
  10.713802;63.255750;-17.068874;,
  11.811340;59.541082;-21.927325;,
  9.913649;64.315046;-19.449402;,
  7.340454;64.819117;-21.892459;,
  12.761350;53.831917;-24.038760;,
  6.827814;71.806573;-14.530338;,
  11.083275;62.234752;-14.657326;,
  5.300955;71.620653;-18.614544;,
  1.635773;76.710778;-19.147982;,
  -3.710356;77.900256;-18.406387;,
  -7.108713;78.381037;-19.246763;,
  5.345052;68.535238;-9.046797;,
  6.883850;69.317357;-12.798121;,
  2.265641;74.572282;-9.615998;,
  9.067024;63.523757;-11.664959;,
  7.377075;64.069856;-10.458534;,
  9.477098;58.793958;-11.544310;,
  8.163030;63.171091;-13.359158;,
  3.438827;76.429984;-13.685027;,
  0.671831;72.194086;-6.165969;,
  2.362208;70.048826;-6.790734;,
  -1.414190;80.853517;-17.593406;,
  0.300737;79.647110;-13.302437;,
  -0.351499;77.745645;-9.663227;,
  -0.605081;75.207706;-5.980664;,
  -2.880474;71.433958;-4.272830;,
  0.609257;73.905958;-1.821483;,
  -2.308120;71.467200;-1.332657;,
  -2.044580;71.779802;1.839046;,
  -1.328264;68.518611;2.614719;,
  -7.141014;70.941747;0.972053;,
  -7.020980;70.593382;-0.431067;,
  -7.594956;71.057677;-2.026124;,
  -3.880703;67.997811;-4.499305;,
  1.978038;66.052570;-6.834529;,
  1.755967;67.319834;-9.429384;,
  -0.883887;63.338227;-6.204814;,
  5.949812;57.576947;-9.931164;,
  5.450354;64.583450;-11.315727;,
  2.661066;56.418067;-9.423471;,
  8.163030;63.171091;-13.359158;,
  7.128195;49.530304;-12.240946;,
  6.730057;45.811805;-13.132954;,
  6.153940;42.158122;-14.067933;,
  3.673540;39.113891;-15.806451;,
