xof 0303txt 0032
template ColorRGBA {
 <35ff44e0-6c7c-11cf-8f52-0040333594a3>
 FLOAT red;
 FLOAT green;
 FLOAT blue;
 FLOAT alpha;
}

template ColorRGB {
 <d3e16e81-7835-11cf-8f52-0040333594a3>
 FLOAT red;
 FLOAT green;
 FLOAT blue;
}

template Material {
 <3d82ab4d-62da-11cf-ab39-0020af71e433>
 ColorRGBA faceColor;
 FLOAT power;
 ColorRGB specularColor;
 ColorRGB emissiveColor;
 [...]
}

template TextureFilename {
 <a42790e1-7810-11cf-8f52-0040333594a3>
 STRING filename;
}

template Frame {
 <3d82ab46-62da-11cf-ab39-0020af71e433>
 [...]
}

template Matrix4x4 {
 <f6f23f45-7686-11cf-8f52-0040333594a3>
 array FLOAT matrix[16];
}

template FrameTransformMatrix {
 <f6f23f41-7686-11cf-8f52-0040333594a3>
 Matrix4x4 frameMatrix;
}

template Vector {
 <3d82ab5e-62da-11cf-ab39-0020af71e433>
 FLOAT x;
 FLOAT y;
 FLOAT z;
}

template MeshFace {
 <3d82ab5f-62da-11cf-ab39-0020af71e433>
 DWORD nFaceVertexIndices;
 array DWORD faceVertexIndices[nFaceVertexIndices];
}

template Mesh {
 <3d82ab44-62da-11cf-ab39-0020af71e433>
 DWORD nVertices;
 array Vector vertices[nVertices];
 DWORD nFaces;
 array MeshFace faces[nFaces];
 [...]
}

template MeshNormals {
 <f6f23f43-7686-11cf-8f52-0040333594a3>
 DWORD nNormals;
 array Vector normals[nNormals];
 DWORD nFaceNormals;
 array MeshFace faceNormals[nFaceNormals];
}

template MeshMaterialList {
 <f6f23f42-7686-11cf-8f52-0040333594a3>
 DWORD nMaterials;
 DWORD nFaceIndexes;
 array DWORD faceIndexes[nFaceIndexes];
 [Material <3d82ab4d-62da-11cf-ab39-0020af71e433>]
}

template Coords2d {
 <f6f23f44-7686-11cf-8f52-0040333594a3>
 FLOAT u;
 FLOAT v;
}

template MeshTextureCoords {
 <f6f23f40-7686-11cf-8f52-0040333594a3>
 DWORD nTextureCoords;
 array Coords2d textureCoords[nTextureCoords];
}

template XSkinMeshHeader {
 <3cf169ce-ff7c-44ab-93c0-f78f62d172e2>
 WORD nMaxSkinWeightsPerVertex;
 WORD nMaxSkinWeightsPerFace;
 WORD nBones;
}

template SkinWeights {
 <6f0d123b-bad2-4167-a0d0-80224f25fabb>
 STRING transformNodeName;
 DWORD nWeights;
 array DWORD vertexIndices[nWeights];
 array FLOAT weights[nWeights];
 Matrix4x4 matrixOffset;
}

template AnimTicksPerSecond {
 <9e415a43-7ba6-4a73-8743-b73d47e88476>
 DWORD AnimTicksPerSecond;
}

template Animation {
 <3d82ab4f-62da-11cf-ab39-0020af71e433>
 [...]
}

template AnimationSet {
 <3d82ab50-62da-11cf-ab39-0020af71e433>
 [Animation <3d82ab4f-62da-11cf-ab39-0020af71e433>]
}

template FloatKeys {
 <10dd46a9-775b-11cf-8f52-0040333594a3>
 DWORD nValues;
 array FLOAT values[nValues];
}

template TimedFloatKeys {
 <f406b180-7b3b-11cf-8f52-0040333594a3>
 DWORD time;
 FloatKeys tfkeys;
}

template AnimationKey {
 <10dd46a8-775b-11cf-8f52-0040333594a3>
 DWORD keyType;
 DWORD nKeys;
 array TimedFloatKeys keys[nKeys];
}


Material Material__55 {
 1.000000;1.000000;1.000000;1.000000;;
 10.000000;
 0.000000;0.000000;0.000000;;
 0.000000;0.000000;0.000000;;

 TextureFilename {
  "Popori_M_H03_Body_diff.tga";
 }
}

Material Material__56 {
 1.000000;1.000000;1.000000;1.000000;;
 10.000000;
 0.000000;0.000000;0.000000;;
 0.000000;0.000000;0.000000;;

 TextureFilename {
  "Popori_M_H03_Hand_diff.tga";
 }
}

Material Material__57 {
 1.000000;1.000000;1.000000;1.000000;;
 10.000000;
 0.000000;0.000000;0.000000;;
 0.000000;0.000000;0.000000;;

 TextureFilename {
  "Popori_M_H03_Leg_diff.tga";
 }
}

Frame Dummy_root {
 

 FrameTransformMatrix {
  1.000000,0.000000,0.000000,0.000000,0.000000,1.000000,0.000000,0.000000,0.000000,-0.000000,1.000000,0.000000,0.000000,19.426813,0.000000,1.000000;;
 }

 Frame Bip01 {
  

  FrameTransformMatrix {
   0.946813,-0.217873,-0.236807,0.000000,0.227710,0.973619,0.014672,0.000000,0.227363,-0.067815,0.971446,0.000000,-0.000001,-10.033232,1.357162,1.000000;;
  }

  Frame Bip01-Pelvis {
   

   FrameTransformMatrix {
    0.000039,0.997162,0.075285,0.000000,-0.006476,-0.075283,0.997141,0.000000,0.999979,-0.000526,0.006454,0.000000,0.000000,0.000000,0.000000,1.000000;;
   }

   Frame Bip01-Spine {
    

    FrameTransformMatrix {
     0.996301,-0.075488,0.041066,0.000000,0.075285,0.997141,0.006457,0.000000,-0.041436,-0.003342,0.999135,0.000000,2.786650,-0.210384,-0.001694,1.000000;;
    }

    Frame Bip01-Spine1 {
     

     FrameTransformMatrix {
      0.999663,-0.002584,-0.025825,0.000000,0.005172,0.994909,0.100645,0.000000,0.025434,-0.100744,0.994587,0.000000,0.282360,0.000255,-0.002516,1.000000;;
     }

     Frame Bip01-Spine2 {
      

      FrameTransformMatrix {
       0.950689,0.022475,0.309330,0.000000,-0.062070,0.990981,0.118762,0.000000,-0.303871,-0.132106,0.943510,0.000000,3.177050,0.000257,-0.001837,1.000000;;
      }

      Frame Bip01-Spine3 {
       

       FrameTransformMatrix {
        0.968576,0.023126,0.247642,0.000000,-0.074560,0.976874,0.200394,0.000000,-0.237280,-0.212561,0.947901,0.000000,2.445528,0.001060,-0.004726,1.000000;;
       }

       Frame Bip01-Neck {
        

        FrameTransformMatrix {
         0.990438,0.114282,0.077283,0.000000,-0.113834,0.993447,-0.010191,0.000000,-0.077942,0.001296,0.996957,0.000000,6.613342,-0.000003,-0.816923,1.000000;;
        }

        Frame Bip01-Head {
         

         FrameTransformMatrix {
          0.926921,0.362067,0.098617,0.000000,-0.375205,0.898598,0.227470,0.000000,-0.006258,-0.247849,0.968779,0.000000,2.462337,-0.000001,0.000000,1.000000;;
         }

         Frame Bip01-HeadNub {
          

          FrameTransformMatrix {
           1.000000,0.000000,0.000000,0.000000,0.000000,1.000000,-0.000000,0.000000,0.000000,0.000000,1.000000,0.000000,6.279701,0.000000,-0.000001,1.000000;;
          }
         }

         Frame FxTop {
          

          FrameTransformMatrix {
           0.929489,0.187310,0.317751,0.000000,0.345071,-0.745893,-0.569710,0.000000,0.130297,0.639186,-0.757935,0.000000,6.282042,0.000002,0.298399,1.000000;;
          }
         }
        }

        Frame Bip01-L-Clavicle {
         

         FrameTransformMatrix {
          0.529237,0.847760,0.034804,0.000000,0.845635,-0.523668,-0.103315,0.000000,-0.069361,0.084110,-0.994040,0.000000,-0.861340,2.737292,-0.712296,1.000000;;
         }

         Frame Bip01-L-UpperArm {
          

          FrameTransformMatrix {
           0.489872,0.577751,-0.652862,0.000000,0.026385,0.738703,0.673514,0.000000,0.871395,-0.347162,0.346626,0.000000,4.049778,0.000004,0.000000,1.000000;;
          }

          Frame Bip01-L-Forearm {
           

           FrameTransformMatrix {
            0.892378,-0.000000,-0.451288,0.000000,-0.000000,1.000000,-0.000000,0.000000,0.451288,0.000000,0.892378,0.000000,3.940950,-0.000002,0.000000,1.000000;;
           }

           Frame Bip01-L-Hand {
            

            FrameTransformMatrix {
             0.771040,0.063187,-0.633644,0.000000,0.198320,-0.969404,0.144653,0.000000,-0.605117,-0.237197,-0.759981,0.000000,3.762890,0.000000,0.000000,1.000000;;
            }

            Frame Bip01-L-Finger0 {
             

             FrameTransformMatrix {
              0.682025,0.088552,0.725948,0.000000,0.717294,0.112539,-0.687622,0.000000,-0.142588,0.989694,0.013237,0.000000,0.742269,-1.772306,0.318911,1.000000;;
             }

             Frame Bip01-L-Finger01 {
              

              FrameTransformMatrix {
               0.059259,-0.000000,0.998243,0.000000,-0.000000,1.000000,0.000000,0.000000,-0.998242,-0.000000,0.059259,0.000000,2.910423,-0.000001,0.000000,1.000000;;
              }

              Frame Bip01-L-Finger0Nub {
               

               FrameTransformMatrix {
                1.000000,0.000000,0.000000,0.000000,0.000000,1.000000,0.000000,0.000000,-0.000000,-0.000000,1.000000,0.000000,1.868248,0.000002,0.000002,1.000000;;
               }
              }
             }
            }

            Frame Bip01-L-Finger1 {
             

             FrameTransformMatrix {
              0.889220,-0.296183,0.348660,0.000000,0.326718,0.944619,-0.030815,0.000000,-0.320225,0.141315,0.936742,0.000000,3.692683,-1.309263,-0.400385,1.000000;;
             }

             Frame Bip01-L-Finger11 {
              

              FrameTransformMatrix {
               0.188190,-0.000000,0.982133,0.000000,0.000000,1.000000,0.000000,0.000000,-0.982133,-0.000000,0.188190,0.000000,1.351532,-0.000002,0.000000,1.000000;;
              }

              Frame Bip01-L-Finger1Nub {
               

               FrameTransformMatrix {
                1.000000,-0.000000,-0.000000,0.000000,-0.000000,1.000000,0.000000,0.000000,0.000000,-0.000000,1.000000,0.000000,1.629250,-0.000001,0.000000,1.000000;;
               }
              }
             }
            }

            Frame Bip01-L-Finger2 {
             

             FrameTransformMatrix {
              0.641172,-0.067090,0.764459,0.000000,-0.102982,0.979638,0.172348,0.000000,-0.760456,-0.189230,0.621208,0.000000,3.749626,0.295792,-0.311485,1.000000;;
             }

             Frame Bip01-L-Finger21 {
              

              FrameTransformMatrix {
               -0.056069,0.000000,0.998427,0.000000,-0.000000,1.000000,-0.000000,0.000000,-0.998427,0.000000,-0.056069,0.000000,1.459623,0.000000,0.000001,1.000000;;
              }

              Frame Bip01-L-Finger2Nub {
               

               FrameTransformMatrix {
                1.000000,-0.000000,-0.000000,0.000000,-0.000000,1.000000,0.000000,0.000000,0.000000,-0.000000,1.000000,0.000000,1.820348,0.000000,-0.000001,1.000000;;
               }
              }
             }
            }

            Frame Bip01-L-Finger3 {
             

             FrameTransformMatrix {
              0.514699,-0.065196,0.854889,0.000000,-0.450473,0.827820,0.334346,0.000000,-0.729492,-0.557192,0.396709,0.000000,3.207572,1.784990,0.266998,1.000000;;
             }

             Frame Bip01-L-Finger31 {
              

              FrameTransformMatrix {
               -0.104623,-0.000000,0.994512,0.000000,-0.000000,1.000000,0.000000,0.000000,-0.994512,-0.000000,-0.104623,0.000000,1.474137,0.000000,-0.000001,1.000000;;
              }

              Frame Bip01-L-Finger3Nub {
               

               FrameTransformMatrix {
                1.000000,-0.000000,0.000000,0.000000,0.000000,1.000000,-0.000000,0.000000,-0.000000,0.000000,1.000000,0.000000,1.629249,0.000002,-0.000002,1.000000;;
               }
              }
             }
            }

            Frame FxHand00 {
             

             FrameTransformMatrix {
              0.771040,0.198320,-0.605117,0.000000,0.063187,-0.969405,-0.237197,0.000000,-0.633644,0.144653,-0.759981,0.000000,0.000000,0.000000,0.000000,1.000000;;
             }
            }

            Frame L_Sword {
             

             FrameTransformMatrix {
              1.000000,0.000000,0.000000,0.000000,0.000000,1.000000,0.000000,0.000000,-0.000000,0.000000,1.000000,0.000000,0.000000,0.000000,0.000000,1.000000;;
             }
            }
           }

           Frame L_Elbow {
            

            FrameTransformMatrix {
             0.972722,0.000000,0.231972,0.000000,0.000000,1.000000,0.000000,0.000000,-0.231972,-0.000000,0.972722,0.000000,-0.000002,-0.000002,-0.000001,1.000000;;
            }
           }

           Frame L_Shield {
            

            FrameTransformMatrix {
             0.873693,-0.442701,0.201684,0.000000,-0.020592,0.380555,0.924529,0.000000,-0.486042,-0.811907,0.323372,0.000000,1.480385,0.279860,2.354647,1.000000;;
            }
           }

           Frame Bip01-L-ForeTwist {
            

            FrameTransformMatrix {
             1.000000,-0.000000,0.000000,0.000000,0.000000,0.757490,0.652846,0.000000,-0.000000,-0.652847,0.757490,0.000000,0.000000,0.000000,0.000000,1.000000;;
            }
           }
          }

          Frame L_Shoulder {
           

           FrameTransformMatrix {
            0.860405,0.013107,0.509441,0.000000,0.335987,0.737040,-0.586417,0.000000,-0.383165,0.675722,0.629750,0.000000,0.000002,-0.000002,0.000000,1.000000;;
           }
          }

          Frame L_Shoulder_Twist {
           

           FrameTransformMatrix {
            1.000000,-0.000000,0.000000,0.000000,0.000000,0.893988,-0.448091,0.000000,-0.000000,0.448091,0.893988,0.000000,0.880465,0.000006,0.000000,1.000000;;
           }
          }
         }
        }

        Frame Bip01-R-Clavicle {
         

         FrameTransformMatrix {
          -0.533902,-0.836047,0.126384,0.000000,-0.840796,0.540761,0.025305,0.000000,-0.089500,-0.092753,-0.991658,0.000000,-1.460175,-2.468372,-0.719074,1.000000;;
         }

         Frame Bip01-R-UpperArm {
          

          FrameTransformMatrix {
           0.920099,0.391022,-0.022815,0.000000,-0.379182,0.874610,-0.302123,0.000000,-0.098182,0.286634,0.952996,0.000000,4.049776,0.000002,-0.000004,1.000000;;
          }

          Frame Bip01-R-Forearm {
           

           FrameTransformMatrix {
            0.232614,0.000000,-0.972569,0.000000,0.000000,1.000000,0.000000,0.000000,0.972569,-0.000000,0.232614,0.000000,3.940949,0.000000,-0.000001,1.000000;;
           }

           Frame Bip01-R-Hand {
            

            FrameTransformMatrix {
             0.903704,-0.359383,0.232730,0.000000,0.272597,0.063787,-0.960012,0.000000,0.330166,0.931008,0.155611,0.000000,3.762890,0.000000,0.000001,1.000000;;
            }

            Frame Bip01-R-Finger0 {
             

             FrameTransformMatrix {
              0.571485,0.134565,0.809504,0.000000,-0.411451,-0.806519,0.424541,0.000000,0.710009,-0.575690,-0.405547,0.000000,0.742270,1.772305,0.318911,1.000000;;
             }

             Frame Bip01-R-Finger01 {
              

              FrameTransformMatrix {
               0.365731,-0.000000,0.930721,0.000000,0.000000,1.000000,0.000000,0.000000,-0.930721,0.000000,0.365731,0.000000,2.910422,-0.000001,-0.000002,1.000000;;
              }

              Frame Bip01-R-Finger0Nub {
               

               FrameTransformMatrix {
                -1.000000,-0.000000,-0.000690,0.000000,-0.000000,1.000000,0.000000,0.000000,0.000690,0.000000,-1.000000,0.000000,1.868247,0.000000,0.000001,1.000000;;
               }
              }
             }
            }

            Frame Bip01-R-Finger1 {
             

             FrameTransformMatrix {
              0.841668,0.167448,0.513377,0.000000,-0.143643,0.985880,-0.086065,0.000000,-0.520540,-0.001305,0.853837,0.000000,3.692683,1.309265,-0.400379,1.000000;;
             }

             Frame Bip01-R-Finger11 {
              

              FrameTransformMatrix {
               0.163116,0.000000,0.986607,0.000000,-0.000000,1.000000,-0.000000,0.000000,-0.986607,-0.000000,0.163117,0.000000,1.351534,0.000000,-0.000004,1.000000;;
              }

              Frame Bip01-R-Finger1Nub {
               

               FrameTransformMatrix {
                -1.000000,-0.000000,-0.000690,0.000000,-0.000000,1.000000,-0.000000,0.000000,0.000690,0.000000,-1.000000,0.000000,1.629248,-0.000000,-0.000001,1.000000;;
               }
              }
             }
            }

            Frame Bip01-R-Finger2 {
             

             FrameTransformMatrix {
              0.604786,0.075895,0.792764,0.000000,0.102982,0.979638,-0.172348,0.000000,-0.789702,0.185874,0.584655,0.000000,3.749623,-0.295792,-0.311480,1.000000;;
             }

             Frame Bip01-R-Finger21 {
              

              FrameTransformMatrix {
               0.307637,-0.000000,0.951504,0.000000,-0.000000,1.000000,0.000000,0.000000,-0.951504,-0.000000,0.307637,0.000000,1.459625,0.000000,-0.000002,1.000000;;
              }

              Frame Bip01-R-Finger2Nub {
               

               FrameTransformMatrix {
                -1.000000,0.000000,-0.000690,0.000000,0.000000,1.000000,-0.000000,0.000000,0.000690,-0.000000,-1.000000,0.000000,1.820353,-0.000000,0.000000,1.000000;;
               }
              }
             }
            }

            Frame Bip01-R-Finger3 {
             

             FrameTransformMatrix {
              0.599032,-0.002573,0.800721,0.000000,0.450473,0.827821,-0.334346,0.000000,-0.661993,0.560987,0.497050,0.000000,3.207570,-1.784990,0.266998,1.000000;;
             }

             Frame Bip01-R-Finger31 {
              

              FrameTransformMatrix {
               0.169438,-0.000000,0.985541,0.000000,0.000000,1.000000,0.000000,0.000000,-0.985541,0.000000,0.169438,0.000000,1.474138,-0.000001,0.000000,1.000000;;
              }

              Frame Bip01-R-Finger3Nub {
               

               FrameTransformMatrix {
                -1.000000,0.000000,-0.000690,0.000000,0.000000,1.000000,0.000000,0.000000,0.000690,-0.000000,-1.000000,0.000000,1.629250,-0.000002,-0.000002,1.000000;;
               }
              }
             }
            }

            Frame FxHand01 {
             

             FrameTransformMatrix {
              0.903704,0.272597,0.330166,0.000000,-0.359382,0.063786,0.931008,0.000000,0.232730,-0.960012,0.155610,0.000000,0.000000,0.000000,0.000000,1.000000;;
             }
            }

            Frame R_Sword {
             

             FrameTransformMatrix {
              0.341514,-0.037420,0.939131,0.000000,0.090537,0.995870,0.006757,0.000000,-0.935506,0.082718,0.343491,0.000000,2.621597,0.996094,1.579456,1.000000;;
             }
            }
           }

           Frame R_Elbow {
            

            FrameTransformMatrix {
             0.785052,-0.000000,0.619430,0.000000,0.000000,1.000000,0.000000,0.000000,-0.619430,0.000000,0.785052,0.000000,-0.000000,0.000000,0.000000,1.000000;;
            }
           }

           Frame Bip01-R-ForeTwist {
            

            FrameTransformMatrix {
             1.000000,-0.000000,-0.000000,0.000000,0.000000,0.999450,0.033167,0.000000,-0.000000,-0.033167,0.999450,0.000000,0.000000,0.000000,0.000000,1.000000;;
            }
           }
          }

          Frame R_Shoulder {
           

           FrameTransformMatrix {
            0.979769,-0.194557,-0.046915,0.000000,0.199961,0.941915,0.269838,0.000000,-0.008309,-0.273760,0.961762,0.000000,0.000000,-0.000004,0.000000,1.000000;;
           }
          }

          Frame R_Shoulder_Twist {
           

           FrameTransformMatrix {
            1.000000,-0.000000,-0.000000,0.000000,0.000000,0.988242,0.152900,0.000000,0.000000,-0.152900,0.988242,0.000000,0.880467,-0.000002,-0.000001,1.000000;;
           }
          }
         }
        }
       }
      }

      Frame Weapon_Back {
       

       FrameTransformMatrix {
        -0.998629,-0.000510,-0.052346,0.000000,0.000510,-1.000000,0.000014,0.000000,-0.052346,-0.000012,0.998629,0.000000,6.110823,-0.000009,-8.038499,1.000000;;
       }
      }

      Frame FxCenter {
       

       FrameTransformMatrix {
        0.520470,0.412625,0.747564,0.000000,0.850666,-0.174667,-0.495842,0.000000,-0.074022,0.893998,-0.441915,0.000000,1.191300,0.000000,0.229794,1.000000;;
       }
      }
     }
    }

    Frame Bip01-L-Thigh {
     

     FrameTransformMatrix {
      -0.304004,0.199251,0.931602,0.000000,0.006784,-0.977407,0.211261,0.000000,0.952647,0.070544,0.295783,0.000000,-3.097778,4.037054,0.102935,1.000000;;
     }

     Frame Bip01-L-Calf {
      

      FrameTransformMatrix {
       0.973286,-0.000000,-0.229597,0.000000,0.000000,1.000000,-0.000000,0.000000,0.229597,0.000000,0.973286,0.000000,4.390350,-0.000000,0.000000,1.000000;;
      }

      Frame Bip01-L-Foot {
       

       FrameTransformMatrix {
        0.997900,-0.015384,-0.062914,0.000000,0.014339,0.999753,-0.017016,0.000000,0.063160,0.016078,0.997874,0.000000,3.072953,-0.000000,0.000001,1.000000;;
       }

       Frame Bip01-L-Toe0 {
        

        FrameTransformMatrix {
         0.037454,0.001503,0.999297,0.000000,-0.000825,0.999998,-0.001473,0.000000,-0.999298,-0.000769,0.037455,0.000000,2.341336,0.000000,2.654241,1.000000;;
        }

        Frame Bip01-L-Toe0Nub {
         

         FrameTransformMatrix {
          -1.000000,-0.000000,0.000691,0.000000,-0.000000,1.000000,-0.000000,0.000000,-0.000691,-0.000000,-1.000000,0.000000,1.871036,0.000000,-0.000001,1.000000;;
         }
        }
       }
      }

      Frame L_Knee {
       

       FrameTransformMatrix {
        0.993299,0.000000,0.115573,0.000000,-0.000000,1.000000,0.000000,0.000000,-0.115573,-0.000000,0.993299,0.000000,-0.000000,-0.000000,0.000000,1.000000;;
       }
      }

      Frame Bip01-LCalfTwist {
       

       FrameTransformMatrix {
        1.000000,0.000000,0.000000,0.000000,-0.000000,0.999964,-0.008509,0.000000,-0.000000,0.008509,0.999964,0.000000,0.000000,0.000000,0.000000,1.000000;;
       }
      }
     }

     Frame L_Thigh01 {
      

      FrameTransformMatrix {
       1.000000,0.000000,0.000000,0.000000,-0.000000,1.000000,-0.000000,0.000000,-0.000000,0.000000,1.000000,0.000000,0.000000,-0.000000,0.000000,1.000000;;
      }
     }
    }

    Frame Bip01-R-Thigh {
     

     FrameTransformMatrix {
      -0.930564,-0.131234,-0.341802,0.000000,0.086971,-0.986065,0.141816,0.000000,-0.355650,0.102242,0.929010,0.000000,-2.486525,-4.037053,0.129982,1.000000;;
     }

     Frame Bip01-R-Calf {
      

      FrameTransformMatrix {
       0.679162,0.000000,-0.733989,0.000000,0.000000,1.000000,0.000000,0.000000,0.733989,-0.000000,0.679162,0.000000,4.390350,0.000000,-0.000001,1.000000;;
      }

      Frame Bip01-R-Foot {
       

       FrameTransformMatrix {
        0.868210,-0.055760,-0.493053,0.000000,0.061956,0.998072,-0.003775,0.000000,0.492313,-0.027270,0.869991,0.000000,3.072953,-0.000001,-0.000000,1.000000;;
       }

       Frame Bip01-R-Toe0 {
        

        FrameTransformMatrix {
         0.180292,-0.015958,0.983484,0.000000,-0.026822,0.999417,0.021133,0.000000,-0.983248,-0.030189,0.179759,0.000000,2.341337,0.000000,2.654241,1.000000;;
        }

        Frame Bip01-R-Toe0Nub {
         

         FrameTransformMatrix {
          1.000000,0.000000,0.000000,0.000000,-0.000000,1.000000,0.000000,0.000000,0.000000,0.000000,1.000000,0.000000,1.871037,0.000000,0.000000,1.000000;;
         }
        }
       }
      }

      Frame R_Knee {
       

       FrameTransformMatrix {
        0.916286,-0.000000,0.400524,0.000000,0.000000,1.000000,-0.000000,0.000000,-0.400524,0.000000,0.916286,0.000000,0.000000,-0.000001,0.000000,1.000000;;
       }
      }

      Frame Bip01-RCalfTwist {
       

       FrameTransformMatrix {
        1.000000,-0.000000,-0.000000,0.000000,0.000000,0.999998,-0.001891,0.000000,0.000000,0.001891,0.999998,0.000000,0.000000,0.000000,0.000000,1.000000;;
       }
      }
     }

     Frame R_Thigh01 {
      

      FrameTransformMatrix {
       1.000000,-0.000000,0.000000,0.000000,0.000000,1.000000,-0.000000,0.000000,-0.000000,0.000000,1.000000,0.000000,0.000000,0.000000,0.000000,1.000000;;
      }
     }
    }

    Frame Skirt_Dummy {
     

     FrameTransformMatrix {
      -1.000000,0.000565,0.000796,0.000000,-0.000565,-1.000000,-0.000001,0.000000,0.000796,-0.000002,1.000000,0.000000,-0.782761,0.000000,0.001093,1.000000;;
     }

     Frame Skirt_B_02 {
      

      FrameTransformMatrix {
       0.990282,0.138786,0.009009,0.000000,-0.138875,0.990258,0.010107,0.000000,-0.007519,-0.011260,0.999908,0.000000,0.054445,7.243469,0.260924,1.000000;;
      }
     }

     Frame Skirt_B_00 {
      

      FrameTransformMatrix {
       0.999876,-0.010281,0.011968,0.000000,-0.011544,0.040347,0.999119,0.000000,-0.010755,-0.999133,0.040223,0.000000,0.509604,0.411801,7.899860,1.000000;;
      }
     }

     Frame Skirt_B_01 {
      

      FrameTransformMatrix {
       0.990329,-0.137234,0.020414,0.000000,-0.136896,-0.990437,-0.017130,0.000000,0.022570,0.014170,-0.999645,0.000000,-1.942044,-7.615727,0.363625,1.000000;;
      }
     }
    }
   }
  }
 }

 Frame FxBottom {
  

  FrameTransformMatrix {
   1.000000,0.000000,0.000000,0.000000,0.000000,1.000000,0.000000,0.000000,0.000000,0.000000,1.000000,0.000000,0.028259,-19.426813,0.611581,1.000000;;
  }
 }
}

Frame Popori_M_H03_Body_Skel {
 

 FrameTransformMatrix {
  1.000000,0.000000,0.000000,0.000000,0.000000,1.000000,0.000000,0.000000,0.000000,0.000000,1.000000,0.000000,0.000000,0.000000,0.000000,1.000000;;
 }

 Mesh Popori_M_H03_Body_Skel {
  1630;
  7.547044;10.786393;1.771265;,
  7.150066;9.576769;0.000000;,
  7.787547;10.839980;0.000000;,
  6.405975;9.526356;3.011213;,
  4.995852;10.264451;5.457301;,
  5.198415;9.326360;4.418290;,
  6.761518;10.619560;3.472478;,
  6.405975;9.526356;3.011213;,
  6.934597;9.570215;1.604248;,
  6.323981;8.524813;0.000000;,
  6.934597;9.570215;1.604248;,
  6.133737;8.528871;1.357826;,
  5.111980;7.771357;0.720044;,
  4.922072;7.967276;1.584778;,
  3.572049;7.377889;0.769175;,
  5.198415;9.326360;4.418290;,
  4.826583;8.100351;2.512520;,
  5.361628;8.827943;3.457247;,
  5.863626;8.653921;2.519305;,
  6.934597;9.570215;1.604248;,
  5.863626;8.653921;2.519305;,
  6.133737;8.528871;1.357826;,
  4.826583;8.100351;2.512520;,
  3.572049;7.377889;0.769175;,
  3.158704;7.577777;1.346627;,
  4.337233;7.331787;2.958877;,
  2.965784;6.996062;1.557647;,
  2.960033;6.474120;1.962394;,
  3.829880;6.633864;2.832384;,
  2.798778;5.653635;2.699902;,
  2.966223;5.768950;4.942500;,
  2.276897;4.950903;4.764984;,
  1.759925;5.789527;6.338530;,
  2.233465;4.903458;2.896973;,
  1.204242;5.679352;1.225909;,
  2.233465;4.903458;2.896973;,
  1.204242;5.679352;1.225909;,
  2.798778;5.653635;2.699902;,
  0.919950;4.873770;1.659587;,
  2.965784;6.996062;1.557647;,
  1.347737;6.287312;0.978099;,
  1.441169;6.795971;0.865619;,
  -0.681767;6.544829;1.029596;,
  -0.810215;5.733320;1.467351;,
  -0.810781;4.960449;1.875820;,
  -0.537877;7.085524;0.812070;,
  1.571075;7.205581;0.737910;,
  5.118106;7.717312;0.000000;,
  3.729466;7.313986;0.000000;,
  1.975581;7.127130;0.000000;,
  -0.245012;7.842121;-0.000000;,
  -0.388799;7.551966;0.592641;,
  -5.443630;12.305827;5.787361;,
  -2.426254;14.273982;7.231958;,
  -4.928152;14.110827;5.621710;,
  -5.929685;13.732941;3.877813;,
  -6.439625;11.602958;3.837974;,
  -6.423905;13.296240;2.126106;,
  -6.681902;11.419874;2.772963;,
  -4.885721;15.939765;3.974017;,
  -3.984588;15.952667;5.534942;,
  -3.984588;15.952667;5.534942;,
  -2.426254;14.273982;7.231958;,
  -2.401627;15.921397;6.772437;,
  -0.064898;16.321334;7.116484;,
  -5.451643;15.854405;2.057722;,
  -6.853484;11.229600;2.266095;,
  -7.102528;12.338485;1.595123;,
  -7.207442;12.893430;-0.000000;,
  -6.708726;13.788803;-0.000000;,
  -5.800226;15.713246;-0.000000;,
  -6.082494;9.587049;2.361592;,
  -6.024648;9.321587;1.437058;,
  0.033232;14.325426;7.824153;,
  -2.625212;12.800321;7.541518;,
  -2.757437;11.424213;7.618137;,
  -5.168847;10.392247;5.839456;,
  -5.922278;9.554798;3.727602;,
  0.027959;12.965084;8.198950;,
  0.113989;11.704862;8.306519;,
  -0.388799;7.551966;0.592641;,
  -1.912087;8.211838;-0.000000;,
  -0.245012;7.842121;-0.000000;,
  -0.810781;4.960449;1.875820;,
  -2.739525;5.852997;2.736987;,
  -0.810215;5.733320;1.467351;,
  -2.690569;6.950299;1.806878;,
  -0.681767;6.544829;1.029596;,
  -2.340331;7.730977;0.969110;,
  -0.537877;7.085524;0.812070;,
  -2.211630;7.917036;0.666531;,
  -4.830499;8.871662;-0.000000;,
  -5.080006;8.821544;1.121011;,
  -4.405205;7.738287;1.845722;,
  -5.428837;8.666844;2.327518;,
  -5.337145;8.559494;3.568053;,
  -5.659358;8.575394;-0.000000;,
  -6.024648;9.321587;1.437058;,
  -6.082494;9.587049;2.361592;,
  -5.922278;9.554798;3.727602;,
  -5.168847;10.392247;5.839456;,
  -4.797374;8.978070;5.552847;,
  -2.757437;11.424213;7.618137;,
  -2.431544;9.473743;7.327378;,
  -2.133880;7.971468;7.092407;,
  -4.341707;7.837338;5.364460;,
  -4.754763;7.912530;3.294756;,
  -3.937404;7.042834;2.981118;,
  -3.114551;5.890664;4.931261;,
  -3.929734;7.029727;5.204119;,
  0.096954;7.177488;7.447560;,
  -1.983604;7.127846;6.925033;,
  -1.687341;5.891966;6.463434;,
  -3.929734;7.029727;5.204119;,
  -1.687341;5.891966;6.463434;,
  -1.983604;7.127846;6.925033;,
  0.070731;5.841329;6.794393;,
  2.232118;6.967740;6.809985;,
  3.520372;6.672716;5.143180;,
  3.827509;7.401269;5.286680;,
  2.407629;7.648778;6.983582;,
  0.108926;8.032743;7.702850;,
  0.124362;9.621805;8.046482;,
  2.647277;9.007565;7.258122;,
  4.174652;8.500646;5.561860;,
  4.723474;8.165154;3.742528;,
  0.113989;11.704862;8.306519;,
  2.809617;11.177784;7.379019;,
  5.086953;11.947742;5.779778;,
  3.046847;13.960990;6.942743;,
  3.005226;12.493991;7.299472;,
  5.296242;13.608187;5.579035;,
  7.071222;11.887256;3.678542;,
  2.809617;11.177784;7.379019;,
  4.995852;10.264451;5.457301;,
  0.113989;11.704862;8.306519;,
  0.027959;12.965084;8.198950;,
  0.033232;14.325426;7.824153;,
  -0.064898;16.321334;7.116484;,
  3.014818;15.807669;6.553168;,
  5.210761;15.452450;5.278131;,
  7.158671;13.659813;3.730190;,
  7.950104;13.924341;1.982519;,
  7.844050;12.083977;1.981970;,
  7.026199;15.346859;3.532858;,
  7.677030;15.552470;1.833619;,
  8.216996;14.063093;0.000000;,
  8.095593;12.183182;0.000000;,
  7.547044;10.786393;1.771265;,
  6.761518;10.619560;3.472478;,
  7.869397;15.685016;0.000000;,
  7.787547;10.839980;0.000000;,
  -7.418600;18.903648;1.292050;,
  -7.485916;18.075122;-0.000000;,
  -7.237753;19.106878;1.263618;,
  -6.660313;18.823162;-4.047085;,
  -6.782202;20.372040;-2.196518;,
  -6.972251;20.206709;-2.193467;,
  -7.203643;19.106878;-1.263618;,
  -7.398134;18.903648;-1.292051;,
  -7.686257;17.890045;-0.000000;,
  -7.689871;18.965301;1.235803;,
  -7.986768;17.978928;-0.000000;,
  -7.819642;18.924653;-0.000000;,
  -7.689871;18.965301;-1.235803;,
  -7.465198;20.386787;-0.887066;,
  -7.257324;20.325208;-2.188890;,
  -6.939678;18.912043;-4.100068;,
  -6.732732;18.389848;-5.230432;,
  -6.658366;20.317520;-4.100068;,
  -6.640016;22.071054;-3.609269;,
  -6.759732;22.636934;-2.194199;,
  -6.402553;23.604787;-3.824530;,
  -5.704165;22.788726;-5.342174;,
  -6.361473;20.307878;-5.367620;,
  -6.458265;18.257530;-5.377705;,
  -6.275287;18.413648;-5.007815;,
  -6.474069;19.008240;-4.011763;,
  -6.080941;20.318758;-5.516698;,
  -5.419694;22.784021;-5.485580;,
  -5.893922;20.570342;-5.135994;,
  -5.230048;22.780888;-5.104007;,
  -3.025262;25.045552;-5.642433;,
  -1.227447;25.392387;-6.203754;,
  -1.201578;25.204746;-5.746924;,
  -3.107323;25.226853;-6.098075;,
  -4.541948;24.223874;-5.242884;,
  -4.694881;24.353067;-5.640419;,
  -4.924282;24.546854;-5.501274;,
  -5.894008;24.462320;-3.910692;,
  -1.266250;25.673846;-6.082074;,
  -5.026366;27.311011;-3.547566;,
  -4.360128;27.018733;-4.622650;,
  -5.406378;27.150352;-3.877163;,
  -5.462659;25.802168;-3.873891;,
  -4.483234;25.824547;-4.827525;,
  -3.230414;25.498806;-5.989036;,
  -1.357061;25.870232;-5.756771;,
  -4.075704;27.151018;-4.200714;,
  -4.544699;26.702618;-3.026026;,
  -5.026366;27.311011;-3.547566;,
  -5.499430;26.903830;-1.819095;,
  -4.544699;26.702618;-3.026026;,
  -3.203814;25.895611;-5.507691;,
  -1.447865;26.648659;-5.676893;,
  -1.402464;26.324104;-5.835163;,
  -3.169471;26.779568;-5.198040;,
  -3.006677;26.925270;-4.734018;,
  -3.692892;26.542626;-3.663119;,
  -4.232078;26.318933;-3.242338;,
  -5.189721;26.398851;-1.815229;,
  -2.736023;26.399424;-4.055365;,
  -1.447865;26.727483;-5.158680;,
  -1.413597;26.113922;-4.374535;,
  -3.692892;26.542626;3.663118;,
  -4.232077;26.318933;3.242338;,
  -4.544699;26.702618;3.026025;,
  -5.189721;26.398851;1.815228;,
  -5.499430;26.903830;1.819095;,
  -5.501048;26.472891;-0.000000;,
  -5.947262;26.906675;-0.000000;,
  -5.993348;27.488742;-2.073294;,
  -6.400759;27.602611;-0.000000;,
  -6.428698;27.366035;-2.223031;,
  -6.416542;26.652838;-2.223031;,
  -6.156218;25.936491;-2.223031;,
  -6.522837;24.734877;-2.202806;,
  -7.089015;23.579186;-2.198503;,
  -6.793072;24.347403;-0.765895;,
  -6.640987;26.116859;-0.000000;,
  -7.118382;22.369397;-1.484787;,
  -6.988450;21.938834;-0.343108;,
  -7.551443;24.326275;-0.000000;,
  -6.793072;24.347403;0.765895;,
  -6.522837;24.734877;2.202806;,
  -7.089015;23.579186;2.198503;,
  -5.894008;24.462320;3.910692;,
  -6.402553;23.604787;3.824530;,
  -5.777093;22.729810;5.342173;,
  -6.156218;25.844722;2.223030;,
  -6.032729;20.318758;5.516769;,
  -6.732732;18.389848;5.230431;,
  -6.419458;18.257530;5.377776;,
  -6.361473;20.307878;5.367618;,
  -6.658366;20.317520;4.100067;,
  -6.640016;22.071053;3.609269;,
  -6.759732;22.636934;2.194199;,
  -7.118382;22.369397;1.484787;,
  -7.257324;20.325208;2.188890;,
  -6.939678;18.912043;4.100067;,
  -6.668408;18.823162;4.047084;,
  -6.986051;20.206709;2.193467;,
  -7.465198;20.386787;0.887066;,
  -6.805202;20.372040;2.196518;,
  -6.487562;19.008240;4.011762;,
  -6.210608;18.413648;5.007494;,
  -4.681552;24.151698;5.242565;,
  -5.492622;22.635738;5.485650;,
  -5.302976;22.573024;5.103687;,
  -5.813566;20.570342;5.135673;,
  -4.834486;24.266669;5.640490;,
  -5.063886;24.439130;5.501274;,
  -3.230415;25.479973;5.989036;,
  -3.144223;25.166403;6.098144;,
  -1.266251;25.655010;6.082069;,
  -1.264347;25.421298;6.203825;,
  -1.263078;25.265491;5.746604;,
  -3.086762;24.957355;5.642110;,
  -1.357062;25.870235;5.756771;,
  -6.882341;26.808325;-0.000000;,
  -6.416542;26.652838;2.223031;,
  -5.462659;25.802170;3.873890;,
  -4.483234;25.824547;4.827526;,
  -3.203815;25.895613;5.507692;,
  -5.406378;27.150349;3.877162;,
  -5.993348;27.488742;2.073294;,
  -6.428698;27.366035;2.223031;,
  -6.802230;27.484890;-0.000000;,
  -4.360128;27.018736;4.622650;,
  -3.169471;26.736662;5.198040;,
  -1.402464;26.304163;5.854385;,
  -1.447865;26.627083;5.681497;,
  -3.007898;26.882365;4.699653;,
  -4.075704;27.151014;4.200714;,
  -5.026366;27.311011;3.547566;,
  -1.447865;26.738104;5.190224;,
  -2.736023;26.399424;4.055365;,
  -1.413597;26.113922;4.374535;,
  8.400700;7.025575;0.000000;,
  8.374540;9.934252;-2.762180;,
  8.701540;9.670718;0.000000;,
  8.021950;6.835294;0.000000;,
  8.120100;7.807748;2.441227;,
  7.747996;7.617465;2.472480;,
  8.374540;9.934252;2.762181;,
  8.701538;10.647463;0.000000;,
  8.374540;10.694817;-2.872530;,
  7.436493;10.149376;-4.442690;,
  7.412020;10.784927;-4.531954;,
  7.056695;10.672359;-4.677032;,
  8.701538;11.624209;0.000000;,
  8.374540;11.455381;-2.982880;,
  8.374540;11.041718;2.903656;,
  7.436493;10.149376;4.442690;,
  7.705770;8.823302;3.910036;,
  7.412020;11.267427;4.563314;,
  8.374540;12.149183;3.045130;,
  8.374540;14.032888;3.045130;,
  8.701538;13.507912;0.000000;,
  7.387546;14.269186;4.683936;,
  7.387546;12.385481;4.683936;,
  8.374540;13.250299;-3.045134;,
  9.050318;15.439339;-0.043754;,
  8.466281;15.769589;2.947548;,
  7.328298;16.066339;4.569992;,
  7.520014;17.364459;2.503061;,
  6.836470;17.335442;4.511886;,
  7.934033;17.124307;0.000000;,
  6.277010;19.244091;4.521470;,
  6.231770;20.152795;2.115619;,
  5.440496;20.517712;4.617021;,
  6.955698;19.010875;2.311347;,
  7.264450;19.075074;0.000000;,
  7.397410;17.364459;-2.503061;,
  8.466281;15.135811;-3.035057;,
  7.387546;12.981888;-4.683936;,
  7.387546;11.420480;-4.621219;,
  6.579970;20.151885;0.000000;,
  6.955698;19.010875;-2.311347;,
  5.806584;19.008672;-4.672439;,
  6.671852;17.328056;-4.572188;,
  6.382298;17.160163;-4.715973;,
  7.328298;14.951450;-4.657501;,
  6.972369;14.835454;-4.816841;,
  7.028330;12.888868;-4.836439;,
  7.032801;11.307913;-4.766492;,
  6.796302;11.232866;-4.447866;,
  6.788853;12.826856;-4.516314;,
  6.735082;14.758126;-4.502669;,
  6.189262;17.048235;-4.400758;,
  5.628470;18.880522;-4.365448;,
  6.819811;10.597315;-4.365969;,
  7.080590;10.036808;-4.587572;,
  7.705770;8.823302;-3.910036;,
  8.120100;7.807748;-2.441227;,
  7.747996;7.617465;-2.472479;,
  7.499927;7.738094;-2.493315;,
  7.769449;6.955924;0.000000;,
  7.499927;7.738094;2.493315;,
  6.843319;9.961762;-4.284072;,
  7.360102;8.646110;-4.032365;,
  7.129656;8.775467;-3.762491;,
  7.032800;12.272912;4.830181;,
  6.788853;14.114154;4.515995;,
  6.796302;12.197867;4.506258;,
  7.056694;11.154859;4.708912;,
  6.819810;11.079813;4.395005;,
  7.080590;10.036808;4.587573;,
  6.843319;9.961762;4.284072;,
  7.360102;8.646110;4.032366;,
  7.129657;8.775467;3.762492;,
  7.412020;11.267427;4.563314;,
  7.032800;12.272912;4.830181;,
  7.056694;11.154859;4.708912;,
  7.028330;14.176165;4.836512;,
  6.972369;15.950344;4.728145;,
  5.190513;20.321182;4.760403;,
  4.278322;21.504462;4.695124;,
  5.023856;20.190158;4.440688;,
  6.005963;19.051864;4.672512;,
  5.825264;18.923717;4.365128;,
  6.543017;17.167550;4.654876;,
  6.347381;17.055622;4.343984;,
  6.735082;15.873018;4.420422;,
  4.459632;21.669483;4.848295;,
  4.691230;21.870320;4.712573;,
  1.997097;24.101477;5.466276;,
  -1.266251;25.655010;6.082069;,
  0.595154;25.405272;5.633222;,
  -1.357062;25.870235;5.756771;,
  0.708389;25.217832;5.924514;,
  2.087559;24.340398;5.354256;,
  0.660615;24.995178;6.055585;,
  0.589929;24.846749;5.616915;,
  1.909876;23.911074;5.245218;,
  2.236476;25.012624;5.034208;,
  -1.264347;25.421298;6.203825;,
  -1.263078;25.265491;5.746604;,
  3.585308;23.215651;4.041942;,
  4.087974;24.442368;4.113716;,
  2.493202;25.972682;4.793759;,
  4.264502;25.525898;3.682494;,
  2.404510;26.155078;4.297441;,
  3.983052;25.755949;3.217038;,
  1.965497;25.459678;3.717380;,
  3.352946;25.306541;2.841586;,
  4.947864;22.586542;2.037097;,
  5.492342;23.897438;2.297854;,
  5.518913;25.437126;2.353836;,
  5.069674;25.740010;2.066761;,
  6.124864;25.484278;0.000000;,
  5.481306;25.818178;0.000000;,
  6.079176;23.848394;0.000000;,
  5.341757;22.557107;0.000000;,
  5.990591;21.569309;2.056419;,
  4.369921;25.262659;1.566366;,
  4.639093;25.258960;0.000000;,
  4.369921;25.262659;-1.566366;,
  5.069674;25.740010;-2.066761;,
  5.518913;25.437126;-2.353835;,
  5.492342;23.897438;-2.297854;,
  4.087974;24.442368;-4.113716;,
  4.947864;22.586542;-2.037097;,
  3.585308;23.215651;-4.041942;,
  4.264502;25.525898;-3.682494;,
  3.983053;25.755949;-3.217037;,
  4.737884;21.955429;-4.712576;,
  2.018317;24.320918;-5.354256;,
  2.493202;25.972678;-4.793758;,
  2.236477;25.012624;-5.034208;,
  4.506287;21.643894;-4.848224;,
  5.583098;20.626411;-4.617022;,
  5.336370;20.429878;-4.760332;,
  1.927854;24.083874;-5.466206;,
  0.665455;25.003677;-6.055519;,
  0.713229;25.274075;-5.924517;,
  0.595154;25.405270;-5.633222;,
  5.171886;20.298859;-4.441008;,
  4.351888;21.436206;-4.516569;,
  1.867545;23.925842;-5.066668;,
  0.584900;24.825315;-5.617241;,
  -1.201578;25.204746;-5.746924;,
  -1.227447;25.392387;-6.203754;,
  5.990591;21.569309;-2.056419;,
  6.231770;20.152795;-2.115619;,
  6.073756;19.200899;-4.521470;,
  6.378247;21.503304;0.000000;,
  8.454732;16.413390;4.197158;,
  8.813712;16.549538;3.927412;,
  8.587768;16.619610;3.739506;,
  8.770612;16.456294;3.299170;,
  8.690954;16.367848;4.334499;,
  8.634750;15.937528;4.591019;,
  8.397733;15.980347;4.466449;,
  8.365832;15.832534;4.668425;,
  8.573968;15.793704;4.798525;,
  8.195079;15.797166;5.020080;,
  8.406367;15.730858;5.237551;,
  8.070840;16.016853;5.307186;,
  9.059322;16.046128;3.431078;,
  8.960864;16.405517;3.558164;,
  8.384066;14.976376;5.457321;,
  8.754062;15.060528;4.446320;,
  9.059257;15.464773;3.505195;,
  8.867530;15.461744;3.166508;,
  8.867799;16.049083;3.117086;,
  8.780517;13.785480;3.578448;,
  8.866502;12.628626;4.344500;,
  8.677892;12.522014;4.020194;,
  8.975334;13.887674;3.897972;,
  8.653377;13.676718;4.839028;,
  8.226916;13.822430;5.919603;,
  7.632855;14.040654;7.020506;,
  8.003336;12.382530;6.412334;,
  8.458670;12.216895;5.338503;,
  7.741701;10.848841;6.726873;,
  8.278487;11.180424;5.610159;,
  8.632844;11.800312;4.858302;,
  7.489380;12.525156;7.330305;,
  7.147688;10.253605;7.667146;,
  7.559052;10.725296;6.453573;,
  8.089710;11.048230;5.339054;,
  8.440969;11.692160;4.538904;,
  5.598487;13.087151;8.271091;,
  6.490039;11.229679;8.010219;,
  6.642083;12.796718;7.808050;,
  4.683520;12.835421;8.391479;,
  4.791928;13.868373;8.522221;,
  4.438802;13.811819;8.366590;,
  5.032606;12.895741;8.549675;,
  5.552034;12.009982;8.405632;,
  6.181308;11.144497;7.866192;,
  6.875134;10.050181;7.461686;,
  4.381796;15.123856;8.088531;,
  5.242528;11.914524;8.258309;,
  4.907325;17.313973;7.693526;,
