xof 0303txt 0032
template ColorRGBA {
 <35ff44e0-6c7c-11cf-8f52-0040333594a3>
 FLOAT red;
 FLOAT green;
 FLOAT blue;
 FLOAT alpha;
}

template ColorRGB {
 <d3e16e81-7835-11cf-8f52-0040333594a3>
 FLOAT red;
 FLOAT green;
 FLOAT blue;
}

template Material {
 <3d82ab4d-62da-11cf-ab39-0020af71e433>
 ColorRGBA faceColor;
 FLOAT power;
 ColorRGB specularColor;
 ColorRGB emissiveColor;
 [...]
}

template TextureFilename {
 <a42790e1-7810-11cf-8f52-0040333594a3>
 STRING filename;
}

template Frame {
 <3d82ab46-62da-11cf-ab39-0020af71e433>
 [...]
}

template Matrix4x4 {
 <f6f23f45-7686-11cf-8f52-0040333594a3>
 array FLOAT matrix[16];
}

template FrameTransformMatrix {
 <f6f23f41-7686-11cf-8f52-0040333594a3>
 Matrix4x4 frameMatrix;
}

template Vector {
 <3d82ab5e-62da-11cf-ab39-0020af71e433>
 FLOAT x;
 FLOAT y;
 FLOAT z;
}

template MeshFace {
 <3d82ab5f-62da-11cf-ab39-0020af71e433>
 DWORD nFaceVertexIndices;
 array DWORD faceVertexIndices[nFaceVertexIndices];
}

template Mesh {
 <3d82ab44-62da-11cf-ab39-0020af71e433>
 DWORD nVertices;
 array Vector vertices[nVertices];
 DWORD nFaces;
 array MeshFace faces[nFaces];
 [...]
}

template MeshNormals {
 <f6f23f43-7686-11cf-8f52-0040333594a3>
 DWORD nNormals;
 array Vector normals[nNormals];
 DWORD nFaceNormals;
 array MeshFace faceNormals[nFaceNormals];
}

template MeshMaterialList {
 <f6f23f42-7686-11cf-8f52-0040333594a3>
 DWORD nMaterials;
 DWORD nFaceIndexes;
 array DWORD faceIndexes[nFaceIndexes];
 [Material <3d82ab4d-62da-11cf-ab39-0020af71e433>]
}

template Coords2d {
 <f6f23f44-7686-11cf-8f52-0040333594a3>
 FLOAT u;
 FLOAT v;
}

template MeshTextureCoords {
 <f6f23f40-7686-11cf-8f52-0040333594a3>
 DWORD nTextureCoords;
 array Coords2d textureCoords[nTextureCoords];
}

template XSkinMeshHeader {
 <3cf169ce-ff7c-44ab-93c0-f78f62d172e2>
 WORD nMaxSkinWeightsPerVertex;
 WORD nMaxSkinWeightsPerFace;
 WORD nBones;
}

template SkinWeights {
 <6f0d123b-bad2-4167-a0d0-80224f25fabb>
 STRING transformNodeName;
 DWORD nWeights;
 array DWORD vertexIndices[nWeights];
 array FLOAT weights[nWeights];
 Matrix4x4 matrixOffset;
}

template AnimTicksPerSecond {
 <9e415a43-7ba6-4a73-8743-b73d47e88476>
 DWORD AnimTicksPerSecond;
}

template Animation {
 <3d82ab4f-62da-11cf-ab39-0020af71e433>
 [...]
}

template AnimationSet {
 <3d82ab50-62da-11cf-ab39-0020af71e433>
 [Animation <3d82ab4f-62da-11cf-ab39-0020af71e433>]
}

template FloatKeys {
 <10dd46a9-775b-11cf-8f52-0040333594a3>
 DWORD nValues;
 array FLOAT values[nValues];
}

template TimedFloatKeys {
 <f406b180-7b3b-11cf-8f52-0040333594a3>
 DWORD time;
 FloatKeys tfkeys;
}

template AnimationKey {
 <10dd46a8-775b-11cf-8f52-0040333594a3>
 DWORD keyType;
 DWORD nKeys;
 array TimedFloatKeys keys[nKeys];
}


Material Material__35 {
 1.000000;1.000000;1.000000;1.000000;;
 10.000000;
 0.000000;0.000000;0.000000;;
 0.000000;0.000000;0.000000;;

 TextureFilename {
  "Arctus_diff.tga";
 }
}

Frame Dummy_root {
 

 FrameTransformMatrix {
  1.000000,0.000000,0.000000,0.000000,0.000000,1.000000,0.000000,0.000000,0.000000,-0.000000,1.000000,0.000000,0.000000,0.000000,0.000000,1.000000;;
 }

 Frame FxBottom {
  

  FrameTransformMatrix {
   1.000000,0.000000,0.000000,0.000000,0.000000,1.000000,0.000000,0.000000,0.000000,0.000000,1.000000,0.000000,-0.000000,0.000000,-0.000000,1.000000;;
  }
 }

 Frame Bip01 {
  

  FrameTransformMatrix {
   0.972058,0.025296,-0.233375,0.000000,-0.038905,0.997788,-0.053896,0.000000,0.231495,0.061470,0.970892,0.000000,0.000000,13.631931,0.000000,1.000000;;
  }

  Frame Bip01-Pelvis {
   

   FrameTransformMatrix {
    0.000000,1.000000,-0.000001,0.000000,-0.000002,0.000001,1.000000,0.000000,1.000000,-0.000000,0.000002,0.000000,0.000000,0.000000,0.000000,1.000000;;
   }

   Frame Bip01-Spine {
    

    FrameTransformMatrix {
     0.976660,0.096819,0.191733,0.000000,-0.064263,0.983472,-0.169275,0.000000,-0.204953,0.153003,0.966739,0.000000,3.375278,0.000261,-0.005487,1.000000;;
    }

    Frame Bip01-Spine1 {
     

     FrameTransformMatrix {
      0.965084,0.058805,0.255256,0.000000,-0.011218,0.982860,-0.184013,0.000000,-0.261702,0.174724,0.949201,0.000000,7.063118,-0.000124,-0.006454,1.000000;;
     }

     Frame Bip01-Spine2 {
      

      FrameTransformMatrix {
       0.943571,0.110429,0.312217,0.000000,-0.050142,0.979537,-0.194918,0.000000,-0.327353,0.168264,0.929800,0.000000,8.241371,-0.001762,-0.013339,1.000000;;
      }

      Frame Bip01-Neck {
       

       FrameTransformMatrix {
        0.797934,-0.281182,0.533140,0.000000,0.120419,0.941055,0.316093,0.000000,-0.590593,-0.188021,0.784760,0.000000,13.478914,0.000000,6.557616,1.000000;;
       }

       Frame Bip01-Head {
        

        FrameTransformMatrix {
         0.984855,0.036683,-0.169456,0.000000,-0.049401,0.996220,-0.071454,0.000000,0.166194,0.078744,0.982944,0.000000,3.619554,-0.000001,0.000000,1.000000;;
        }

        Frame Bip01-HeadNub {
         

         FrameTransformMatrix {
          1.000000,0.000000,0.000000,0.000000,-0.000000,1.000000,0.000000,0.000000,0.000000,-0.000000,1.000000,0.000000,11.527115,0.000001,0.000004,1.000000;;
         }
        }

        Frame Bip01-Ponytail1 {
         

         FrameTransformMatrix {
          -0.394444,0.675389,-0.623108,0.000000,0.347298,0.737362,0.579380,0.000000,0.850763,0.012129,-0.525409,0.000000,4.175377,8.170038,-8.155998,1.000000;;
         }

         Frame Bip01-Ponytail11 {
          

          FrameTransformMatrix {
           0.660309,-0.344053,-0.667548,0.000000,0.239733,0.938946,-0.246798,0.000000,0.711703,0.002930,0.702475,0.000000,13.279382,-0.000313,-0.008133,1.000000;;
          }

          Frame Bip01-Ponytail12 {
           

           FrameTransformMatrix {
            0.885780,0.086721,-0.455931,0.000000,-0.132127,0.988855,-0.068610,0.000000,0.444900,0.121014,0.887367,0.000000,11.335070,0.000929,-0.006660,1.000000;;
           }

           Frame Bip01-Ponytail13 {
            

            FrameTransformMatrix {
             0.859824,0.125959,-0.494811,0.000000,-0.229567,0.960987,-0.154285,0.000000,0.456073,0.246250,0.855195,0.000000,10.457290,-0.000014,-0.006821,1.000000;;
            }

            Frame Bip01-Ponytail1Nub {
             

             FrameTransformMatrix {
              0.000796,0.000653,1.000000,0.000000,-0.000651,-1.000000,0.000654,0.000000,0.999999,-0.000651,-0.000796,0.000000,8.913698,-0.000002,0.000000,1.000000;;
             }
            }
           }
          }
         }
        }

        Frame Bip01-Ponytail2 {
         

         FrameTransformMatrix {
          -0.355964,-0.738740,-0.572322,0.000000,-0.463334,0.671378,-0.578423,0.000000,0.811549,0.059279,-0.581270,0.000000,4.177399,-8.169738,-8.154301,1.000000;;
         }

         Frame Bip01-Ponytail21 {
          

          FrameTransformMatrix {
           0.315379,0.280902,-0.906439,0.000000,-0.462122,0.879736,0.111840,0.000000,0.828843,0.383613,0.407261,0.000000,13.277117,-0.001108,-0.006516,1.000000;;
          }

          Frame Bip01-Ponytail22 {
           

           FrameTransformMatrix {
            0.929849,-0.037948,-0.365978,0.000000,0.079220,0.991987,0.098417,0.000000,0.359310,-0.120506,0.925405,0.000000,11.337196,-0.000278,-0.007839,1.000000;;
           }

           Frame Bip01-Ponytail23 {
            

            FrameTransformMatrix {
             0.956664,-0.013559,-0.290879,0.000000,0.084299,0.969037,0.232079,0.000000,0.278725,-0.246542,0.928186,0.000000,10.459091,0.000027,-0.007092,1.000000;;
            }

            Frame Bip01-Ponytail2Nub {
             

             FrameTransformMatrix {
              0.000796,0.000299,1.000000,0.000000,-0.000296,-1.000000,0.000299,0.000000,1.000000,-0.000296,-0.000796,0.000000,8.913706,0.000002,-0.000002,1.000000;;
             }
            }
           }
          }
         }
        }

        Frame Bone05 {
         

         FrameTransformMatrix {
          0.401790,0.000419,0.915732,0.000000,-0.000416,-1.000000,0.000640,0.000000,0.915732,-0.000638,-0.401789,0.000000,2.717739,0.000009,6.445082,1.000000;;
         }

         Frame Bone07 {
          

          FrameTransformMatrix {
           0.379373,-0.166152,-0.910204,0.000000,0.051564,0.986012,-0.158499,0.000000,0.923806,0.013197,0.382633,0.000000,6.565939,-0.000000,-0.533638,1.000000;;
          }

          Frame Bone08 {
           

           FrameTransformMatrix {
            0.754163,-0.261246,-0.602486,0.000000,0.174633,0.964212,-0.199497,0.000000,0.633042,0.045240,0.772795,0.000000,4.673523,0.000000,0.000008,1.000000;;
           }
          }
         }
        }

        Frame FxTop {
         

         FrameTransformMatrix {
          0.931133,-0.061914,0.359385,0.000000,0.358627,-0.023330,-0.933190,0.000000,0.066162,0.997809,0.000480,0.000000,13.086326,0.000012,3.793148,1.000000;;
         }
        }
       }

       Frame Bip01-L-Clavicle {
        

        FrameTransformMatrix {
         -0.411783,0.904339,0.112277,0.000000,0.709347,0.395437,-0.583487,0.000000,-0.572068,-0.160626,-0.804324,0.000000,-4.940804,6.897373,-5.516342,1.000000;;
        }

        Frame Bip01-L-UpperArm {
         

         FrameTransformMatrix {
          0.817576,-0.334748,-0.468521,0.000000,0.207170,0.930175,-0.303075,0.000000,0.537260,0.150723,0.829839,0.000000,7.976692,0.000004,0.000004,1.000000;;
         }

         Frame Bip01-L-Forearm {
          

          FrameTransformMatrix {
           0.696083,0.000000,-0.717962,0.000000,0.000000,1.000000,-0.000000,0.000000,0.717962,-0.000000,0.696083,0.000000,17.620405,0.000004,-0.000004,1.000000;;
          }

          Frame Bip01-L-Hand {
           

           FrameTransformMatrix {
            0.954987,-0.283597,-0.087019,0.000000,0.068568,-0.074369,0.994871,0.000000,-0.288614,-0.956056,-0.051576,0.000000,10.594925,0.000000,0.000003,1.000000;;
           }

           Frame Bip01-L-Finger0 {
            

            FrameTransformMatrix {
             0.930418,-0.348384,0.113805,0.000000,0.165423,0.122104,-0.978635,0.000000,0.327044,0.929365,0.171238,0.000000,1.381235,-5.406859,2.916004,1.000000;;
            }

            Frame Bip01-L-Finger01 {
             

             FrameTransformMatrix {
              0.932000,-0.000000,0.362458,0.000000,0.000000,1.000000,0.000000,0.000000,-0.362458,0.000000,0.932000,0.000000,4.211393,0.000002,0.000001,1.000000;;
             }

             Frame Bip01-L-Finger02 {
              

              FrameTransformMatrix {
               0.796327,0.000000,0.604866,0.000000,0.000000,1.000000,-0.000000,0.000000,-0.604866,0.000000,0.796327,0.000000,3.969108,0.000002,0.000002,1.000000;;
              }

              Frame Bip01-L-Finger0Nub {
               

               FrameTransformMatrix {
                1.000000,-0.000000,0.000000,0.000000,-0.000000,1.000000,-0.000000,0.000000,0.000000,-0.000000,1.000000,0.000000,3.140237,0.000004,-0.000001,1.000000;;
               }
              }
             }
            }
           }

           Frame Bip01-L-Finger1 {
            

            FrameTransformMatrix {
             0.281117,-0.063744,0.957554,0.000000,0.180959,0.983413,0.012340,0.000000,-0.942458,0.169809,0.287989,0.000000,9.204831,-2.971164,-1.655191,1.000000;;
            }

            Frame Bip01-L-Finger11 {
             

             FrameTransformMatrix {
              -0.345131,0.000000,0.938555,0.000000,0.000000,1.000000,-0.000000,0.000000,-0.938555,0.000000,-0.345131,0.000000,4.757282,-0.000002,-0.000003,1.000000;;
             }

             Frame Bip01-L-Finger12 {
              

              FrameTransformMatrix {
               -0.774583,0.000000,0.632472,0.000000,0.000000,1.000000,0.000000,0.000000,-0.632472,0.000000,-0.774583,0.000000,3.636216,-0.000001,0.000000,1.000000;;
              }

              Frame Bip01-L-Finger1Nub {
               

               FrameTransformMatrix {
                1.000000,0.000000,0.000000,0.000000,0.000000,1.000000,0.000000,0.000000,0.000000,0.000000,1.000000,0.000000,2.334712,-0.000002,0.000002,1.000000;;
               }
              }
             }
            }
           }

           Frame Bip01-L-Finger2 {
            

            FrameTransformMatrix {
             0.325889,-0.233079,0.916226,0.000000,0.104497,0.972075,0.210119,0.000000,-0.939615,0.027268,0.341145,0.000000,9.977315,-0.280385,-2.259344,1.000000;;
            }

            Frame Bip01-L-Finger21 {
             

             FrameTransformMatrix {
              -0.470000,-0.000000,0.882667,0.000000,-0.000000,1.000000,0.000000,0.000000,-0.882667,0.000000,-0.470000,0.000000,5.115830,0.000002,-0.000003,1.000000;;
             }

             Frame Bip01-L-Finger22 {
              

              FrameTransformMatrix {
               -0.707798,-0.000000,0.706415,0.000000,-0.000000,1.000000,-0.000000,0.000000,-0.706415,-0.000000,-0.707798,0.000000,2.711708,0.000001,-0.000002,1.000000;;
              }

              Frame Bip01-L-Finger2Nub {
               

               FrameTransformMatrix {
                1.000000,-0.000000,0.000000,0.000000,-0.000000,1.000000,0.000000,0.000000,-0.000000,-0.000000,1.000000,0.000000,2.449027,0.000001,0.000000,1.000000;;
               }
              }
             }
            }
           }

           Frame Bip01-L-Finger3 {
            

            FrameTransformMatrix {
             0.329141,-0.238324,0.913711,0.000000,-0.187544,0.931851,0.310614,0.000000,-0.925469,-0.273597,0.262014,0.000000,10.090858,1.573866,-1.617683,1.000000;;
            }

            Frame Bip01-L-Finger31 {
             

             FrameTransformMatrix {
              -0.138605,-0.000000,0.990348,0.000000,-0.000000,1.000000,0.000000,0.000000,-0.990348,-0.000000,-0.138605,0.000000,3.919548,-0.000001,-0.000004,1.000000;;
             }

             Frame Bip01-L-Finger32 {
              

              FrameTransformMatrix {
               -0.745279,-0.000000,0.666753,0.000000,-0.000000,1.000000,-0.000000,0.000000,-0.666753,-0.000000,-0.745279,0.000000,2.299618,-0.000000,0.000002,1.000000;;
              }

              Frame Bip01-L-Finger3Nub {
               

               FrameTransformMatrix {
                1.000000,-0.000000,-0.000000,0.000000,-0.000000,1.000000,0.000000,0.000000,-0.000000,0.000000,1.000000,0.000000,2.477909,-0.000001,0.000000,1.000000;;
               }
              }
             }
            }
           }

           Frame Bip01-L-Finger4 {
            

            FrameTransformMatrix {
             0.157838,-0.130620,0.978788,0.000000,-0.138621,0.978466,0.152931,0.000000,-0.977687,-0.159819,0.136332,0.000000,9.477834,2.937000,-0.305342,1.000000;;
            }

            Frame Bip01-L-Finger41 {
             

             FrameTransformMatrix {
              -0.097958,-0.000000,0.995191,0.000000,0.000000,1.000000,0.000000,0.000000,-0.995191,0.000000,-0.097958,0.000000,2.822361,0.000000,-0.000005,1.000000;;
             }

             Frame Bip01-L-Finger42 {
              

              FrameTransformMatrix {
               -0.678966,-0.000000,0.734170,0.000000,0.000000,1.000000,0.000000,0.000000,-0.734170,0.000000,-0.678966,0.000000,1.463928,0.000001,-0.000002,1.000000;;
              }

              Frame Bip01-L-Finger4Nub {
               

               FrameTransformMatrix {
                1.000000,-0.000000,0.000000,0.000000,0.000000,1.000000,0.000000,0.000000,0.000000,-0.000000,1.000000,0.000000,1.784447,-0.000001,-0.000004,1.000000;;
               }
              }
             }
            }
           }

           Frame FxHand00 {
            

            FrameTransformMatrix {
             0.241428,-0.637879,-0.731316,0.000000,-0.958948,-0.272349,-0.079023,0.000000,-0.148767,0.720372,-0.677446,0.000000,5.031354,0.292495,4.759470,1.000000;;
            }
           }
          }
         }
        }
       }

       Frame Bip01-R-Clavicle {
        

        FrameTransformMatrix {
         0.077168,-0.898662,0.431801,0.000000,-0.860919,0.158374,0.483462,0.000000,-0.502854,-0.409054,-0.761454,0.000000,-4.940821,-6.897354,-5.516300,1.000000;;
        }

        Frame Bip01-R-UpperArm {
         

         FrameTransformMatrix {
          0.747442,0.647037,-0.150579,0.000000,-0.664307,0.729762,-0.161694,0.000000,0.005265,0.220887,0.975285,0.000000,7.976693,0.000004,-0.000002,1.000000;;
         }

         Frame Bip01-R-Forearm {
          

          FrameTransformMatrix {
           0.834179,-0.000000,-0.551494,0.000000,0.000000,1.000000,-0.000000,0.000000,0.551494,0.000000,0.834179,0.000000,17.620403,-0.000004,-0.000004,1.000000;;
          }

          Frame Bip01-R-Hand {
           

           FrameTransformMatrix {
            0.915598,0.307877,-0.258637,0.000000,-0.186558,-0.244535,-0.951524,0.000000,-0.356198,0.919464,-0.166459,0.000000,10.594925,0.000002,0.000001,1.000000;;
           }

           Frame Bip01-R-Finger0 {
            

            FrameTransformMatrix {
             0.764008,0.591636,0.257409,0.000000,-0.284274,-0.049478,0.957466,0.000000,0.579207,-0.804685,0.130385,0.000000,1.381234,5.406860,2.916010,1.000000;;
            }

            Frame Bip01-R-Finger01 {
             

             FrameTransformMatrix {
              0.842386,-0.000000,0.538874,0.000000,-0.000000,1.000000,0.000000,0.000000,-0.538874,-0.000000,0.842386,0.000000,4.211394,-0.000002,0.000000,1.000000;;
             }

             Frame Bip01-R-Finger02 {
              

              FrameTransformMatrix {
               0.770730,-0.000000,0.637161,0.000000,0.000000,1.000000,-0.000000,0.000000,-0.637161,0.000000,0.770730,0.000000,3.969106,0.000000,-0.000001,1.000000;;
              }

              Frame Bip01-R-Finger0Nub {
               

               FrameTransformMatrix {
                -1.000000,-0.000000,-0.000690,0.000000,0.000000,1.000000,0.000000,0.000000,0.000690,-0.000000,-1.000000,0.000000,3.140238,-0.000002,0.000001,1.000000;;
               }
              }
             }
            }
           }

           Frame Bip01-R-Finger1 {
            

            FrameTransformMatrix {
             0.996378,0.066138,0.053450,0.000000,-0.066410,0.997787,0.003330,0.000000,-0.053111,-0.006868,0.998565,0.000000,9.204834,2.971165,-1.655193,1.000000;;
            }

            Frame Bip01-R-Finger11 {
             

             FrameTransformMatrix {
              0.643160,-0.000000,0.765732,0.000000,0.000000,1.000000,-0.000000,0.000000,-0.765732,0.000000,0.643160,0.000000,4.757278,-0.000006,0.000000,1.000000;;
             }

             Frame Bip01-R-Finger12 {
              

              FrameTransformMatrix {
               0.476642,0.000000,0.879098,0.000000,-0.000000,1.000000,0.000000,0.000000,-0.879098,-0.000000,0.476642,0.000000,3.636211,0.000000,0.000004,1.000000;;
              }

              Frame Bip01-R-Finger1Nub {
               

               FrameTransformMatrix {
                -1.000000,0.000000,0.000691,0.000000,-0.000000,1.000000,0.000000,0.000000,-0.000691,0.000000,-1.000000,0.000000,2.334715,0.000003,-0.000004,1.000000;;
               }
              }
             }
            }
           }

           Frame Bip01-R-Finger2 {
            

            FrameTransformMatrix {
             0.972356,0.049918,0.228108,0.000000,0.000852,0.976118,-0.217240,0.000000,-0.233504,0.211429,0.949091,0.000000,9.977321,0.280388,-2.259354,1.000000;;
            }

            Frame Bip01-R-Finger21 {
             

             FrameTransformMatrix {
              0.777452,-0.000000,0.628943,0.000000,0.000000,1.000000,-0.000000,0.000000,-0.628942,0.000000,0.777452,0.000000,5.115830,0.000008,0.000002,1.000000;;
             }

             Frame Bip01-R-Finger22 {
              

              FrameTransformMatrix {
               0.453466,-0.000000,0.891274,0.000000,0.000000,1.000000,-0.000000,0.000000,-0.891274,0.000000,0.453466,0.000000,2.711710,-0.000002,0.000001,1.000000;;
              }

              Frame Bip01-R-Finger2Nub {
               

               FrameTransformMatrix {
                -1.000000,-0.000000,-0.000690,0.000000,-0.000000,1.000000,-0.000000,0.000000,0.000690,-0.000000,-1.000000,0.000000,2.449028,-0.000001,0.000001,1.000000;;
               }
              }
             }
            }
           }

           Frame Bip01-R-Finger3 {
            

            FrameTransformMatrix {
             0.932915,-0.102072,0.345329,0.000000,0.248235,0.877005,-0.411389,0.000000,-0.260864,0.469513,0.843509,0.000000,10.090858,-1.573865,-1.617685,1.000000;;
            }

            Frame Bip01-R-Finger31 {
             

             FrameTransformMatrix {
              0.752927,0.000000,0.658105,0.000000,-0.000000,1.000000,-0.000000,0.000000,-0.658105,0.000000,0.752927,0.000000,3.919546,0.000000,0.000002,1.000000;;
             }

             Frame Bip01-R-Finger32 {
              

              FrameTransformMatrix {
               0.370671,-0.000000,0.928764,0.000000,0.000000,1.000000,0.000000,0.000000,-0.928764,0.000000,0.370671,0.000000,2.299623,0.000001,0.000000,1.000000;;
              }

              Frame Bip01-R-Finger3Nub {
               

               FrameTransformMatrix {
                -1.000000,-0.000000,-0.000690,0.000000,-0.000000,1.000000,0.000000,0.000000,0.000690,0.000000,-1.000000,0.000000,2.477914,0.000003,0.000002,1.000000;;
               }
              }
             }
            }
           }

           Frame Bip01-R-Finger4 {
            

            FrameTransformMatrix {
             0.941038,-0.248345,0.229720,0.000000,0.281837,0.951112,-0.126309,0.000000,-0.187121,0.183605,0.965026,0.000000,9.477836,-2.937003,-0.305342,1.000000;;
            }

            Frame Bip01-R-Finger41 {
             

             FrameTransformMatrix {
              0.631625,0.000000,0.775274,0.000000,-0.000000,1.000000,-0.000000,0.000000,-0.775274,-0.000000,0.631625,0.000000,2.822363,0.000001,0.000000,1.000000;;
             }

             Frame Bip01-R-Finger42 {
              

              FrameTransformMatrix {
               0.708529,-0.000000,0.705682,0.000000,-0.000000,1.000000,-0.000000,0.000000,-0.705682,-0.000000,0.708529,0.000000,1.463919,0.000001,-0.000003,1.000000;;
              }

              Frame Bip01-R-Finger4Nub {
               

               FrameTransformMatrix {
                -1.000000,0.000000,-0.000690,0.000000,0.000000,1.000000,-0.000000,0.000000,0.000690,-0.000000,-1.000000,0.000000,1.784441,0.000001,0.000000,1.000000;;
               }
              }
             }
            }
           }

           Frame FxHand01 {
            

            FrameTransformMatrix {
             0.238226,0.862723,-0.446046,0.000000,-0.964994,0.262140,-0.008367,0.000000,0.109708,0.432425,0.894971,0.000000,5.031225,-0.292784,4.759909,1.000000;;
            }
           }
          }
         }
        }
       }
      }
     }
    }

    Frame Bip01-L-Thigh {
     

     FrameTransformMatrix {
      -0.359341,0.645019,0.674407,0.000000,-0.451172,-0.752684,0.479490,0.000000,0.816896,-0.131974,0.561484,0.000000,-2.852025,6.200969,0.460674,1.000000;;
     }

     Frame Bip01-L-Calf {
      

      FrameTransformMatrix {
       0.643820,0.000000,-0.765177,0.000000,-0.000000,1.000000,0.000000,0.000000,0.765177,-0.000000,0.643819,0.000000,14.160981,-0.000001,-0.000001,1.000000;;
      }

      Frame Bip01-L-Foot {
       

       FrameTransformMatrix {
        0.868471,0.397762,-0.295877,0.000000,-0.447421,0.885921,-0.122305,0.000000,0.213475,0.238600,0.947364,0.000000,8.612959,0.000004,-0.000002,1.000000;;
       }

       Frame Bip01-L-Toe0 {
        

        FrameTransformMatrix {
         -0.329948,-0.372795,0.867271,0.000000,-0.133121,0.927914,0.348217,0.000000,-0.934566,-0.000559,-0.355791,0.000000,3.136157,-0.301804,4.324835,1.000000;;
        }

        Frame Bip01-L-Toe0Nub {
         

         FrameTransformMatrix {
          -1.000000,0.000000,-0.000690,0.000000,-0.000000,1.000000,0.000000,0.000000,0.000690,0.000000,-1.000000,0.000000,2.795799,-0.000005,0.000000,1.000000;;
         }
        }
       }

       Frame Bip01-L-Toe1 {
        

        FrameTransformMatrix {
         -0.365930,0.067006,0.928227,0.000000,-0.037244,0.995551,-0.086548,0.000000,-0.929897,-0.066241,-0.361806,0.000000,3.137245,1.911818,4.673206,1.000000;;
        }

        Frame Bip01-L-Toe1Nub {
         

         FrameTransformMatrix {
          -1.000000,-0.000000,-0.000690,0.000000,0.000000,1.000000,0.000000,0.000000,0.000690,0.000000,-1.000000,0.000000,3.024112,0.000001,-0.000001,1.000000;;
         }
        }
       }
      }
     }
    }

    Frame Bip01-R-Thigh {
     

     FrameTransformMatrix {
      -0.722709,-0.683384,0.103339,0.000000,0.429063,-0.560828,-0.708080,0.000000,0.541846,-0.467397,0.698530,0.000000,-3.715451,-5.656342,1.002797,1.000000;;
     }

     Frame Bip01-R-Calf {
      

      FrameTransformMatrix {
       0.057803,-0.000000,-0.998328,0.000000,0.000000,1.000000,-0.000000,0.000000,0.998328,0.000000,0.057803,0.000000,14.160981,-0.000001,-0.000001,1.000000;;
      }

      Frame Bip01-R-Foot {
       

       FrameTransformMatrix {
        0.499077,-0.556227,0.664480,0.000000,0.099427,0.798496,0.593733,0.000000,-0.860835,-0.230251,0.453815,0.000000,8.612965,0.000002,-0.000002,1.000000;;
       }

       Frame Bip01-R-Toe0 {
        

        FrameTransformMatrix {
         -0.051738,0.184411,0.981487,0.000000,-0.045519,0.981346,-0.186784,0.000000,-0.997623,-0.054340,-0.042378,0.000000,3.136156,0.301802,4.324834,1.000000;;
        }

        Frame Bip01-R-Toe0Nub {
         

         FrameTransformMatrix {
          1.000000,-0.000000,-0.000000,0.000000,-0.000000,1.000000,0.000000,0.000000,0.000000,0.000000,1.000000,0.000000,2.795802,-0.000001,-0.000001,1.000000;;
         }
        }
       }

       Frame Bip01-R-Toe1 {
        

        FrameTransformMatrix {
         -0.040891,-0.174467,0.983814,0.000000,-0.035280,0.984275,0.173082,0.000000,-0.998541,-0.027631,-0.046404,0.000000,3.137244,-1.911815,4.673208,1.000000;;
        }

        Frame Bip01-R-Toe1Nub {
         

         FrameTransformMatrix {
          1.000000,0.000000,0.000000,0.000000,0.000000,1.000000,-0.000000,0.000000,0.000000,-0.000000,1.000000,0.000000,3.024114,0.000001,-0.000001,1.000000;;
         }
        }
       }
      }
     }
    }

    Frame Bip01-Tail {
     

     FrameTransformMatrix {
      -0.985728,0.100338,-0.135174,0.000000,0.089444,0.992409,0.084408,0.000000,0.142618,0.071113,-0.987220,0.000000,-8.458459,0.342964,-5.982065,1.000000;;
     }

     Frame Bip01-Tail1 {
      

      FrameTransformMatrix {
       0.895718,0.185379,-0.404134,0.000000,-0.030109,0.932140,0.360845,0.000000,0.443602,-0.311048,0.840516,0.000000,4.836399,0.000137,-0.002514,1.000000;;
      }

      Frame Bip01-Tail2 {
       

       FrameTransformMatrix {
        0.960883,-0.174114,-0.215379,0.000000,0.255652,0.258524,0.931562,0.000000,-0.106517,-0.950184,0.292923,0.000000,4.378450,-0.000041,-0.002805,1.000000;;
       }

       Frame Bip01-TailNub {
        

        FrameTransformMatrix {
         0.000796,0.000299,1.000000,0.000000,-0.000296,-1.000000,0.000299,0.000000,1.000000,-0.000296,-0.000796,0.000000,4.217420,0.000001,-0.000000,1.000000;;
        }
       }
      }
     }
    }

    Frame FxCenter {
     

     FrameTransformMatrix {
      0.170791,0.065623,0.983120,0.000000,0.985302,-0.007948,-0.170640,0.000000,-0.003384,0.997813,-0.066015,0.000000,4.087713,0.000005,4.425498,1.000000;;
     }
    }
   }
  }
 }
}

Frame Arctus_skel {
 

 FrameTransformMatrix {
  1.000000,0.000000,0.000000,0.000000,0.000000,1.000000,0.000000,0.000000,0.000000,0.000000,1.000000,0.000000,0.000000,0.000000,0.000000,1.000000;;
 }

 Mesh Arctus_skel {
  5156;
  9.605741;1.344242;23.110557;,
  10.022310;0.128719;23.782378;,
  9.412568;0.223454;23.348534;,
  5.268511;5.903652;13.840592;,
  7.976383;4.996895;13.808987;,
  6.994846;3.830269;15.436930;,
  6.140140;6.755417;13.288058;,
  4.510181;8.847462;14.264622;,
  5.268511;5.903652;13.840592;,
  3.787702;8.275467;14.632866;,
  7.103802;7.417000;13.184994;,
  7.103802;7.417000;13.184994;,
  8.644734;5.996612;13.163400;,
  9.103730;6.663360;13.293554;,
  4.249348;9.861999;16.444170;,
  4.879322;10.464096;15.991144;,
  3.787702;8.275467;14.632866;,
  2.833042;7.366138;15.438666;,
  4.503068;5.324333;14.441936;,
  4.503068;5.324333;14.441936;,
  4.471647;3.552544;16.361744;,
  7.138212;2.835526;17.959042;,
  5.013857;2.245441;16.380371;,
  3.141774;4.042972;16.404715;,
  6.941143;10.526939;18.058898;,
  4.879322;10.464096;15.991144;,
  1.415942;5.066482;17.381536;,
  3.030017;8.620518;17.078370;,
  5.484712;9.416130;18.480400;,
  6.509974;9.121246;19.567768;,
  7.615160;10.008713;19.313827;,
  7.582382;8.177674;20.264298;,
  2.919198;2.690948;16.788102;,
  1.264896;3.343704;17.987675;,
  3.141774;4.042972;16.404715;,
  1.320603;5.651626;19.014645;,
  3.939039;8.270950;18.771579;,
  4.477304;7.028382;20.953998;,
  5.682903;7.356129;21.124909;,
  3.478516;6.476150;20.694664;,
  5.728586;5.464542;22.282574;,
  4.431181;5.229370;22.312317;,
  3.451909;4.781494;21.853314;,
  2.548741;4.578968;21.491882;,
  1.709809;4.400841;20.883430;,
  2.292850;5.835251;20.185784;,
  0.916059;3.986374;19.882659;,
  9.344412;7.425991;20.056904;,
  7.302595;5.428390;21.990387;,
  8.439905;5.077171;20.819558;,
  10.128702;6.003544;18.919205;,
  10.388107;5.279606;17.811314;,
  11.242689;6.227966;16.675296;,
  10.184427;4.948189;16.446240;,
  10.950506;5.948120;15.401282;,
  7.615160;10.008713;19.313827;,
  7.582382;8.177674;20.264298;,
  8.519238;9.044506;20.049342;,
  10.616685;8.277302;19.684632;,
  11.147629;6.938633;18.660477;,
  12.818193;7.235439;16.761627;,
  12.411997;6.703781;15.780974;,
  13.702352;8.819966;15.373182;,
  12.975313;7.490200;14.308650;,
  11.521990;6.290104;14.833534;,
  10.098528;5.883938;13.912074;,
  11.861348;6.733394;13.861869;,
  12.522563;8.060860;11.319648;,
  14.105078;10.323295;12.257768;,
  12.885603;11.987507;8.681790;,
  13.375764;12.558373;13.525659;,
  12.180873;14.499523;10.122847;,
  12.675302;14.380091;14.865427;,
  11.373228;6.613838;11.223323;,
  10.754822;6.555580;13.620456;,
  9.912953;5.927154;11.487363;,
  8.644734;5.996612;13.163400;,
  9.103730;6.663360;13.293554;,
  8.093173;5.644829;12.098187;,
  4.384867;5.522781;6.926118;,
  5.967950;5.415211;5.903339;,
  7.649022;5.882522;5.600453;,
  10.205190;8.297352;6.692678;,
  7.156173;6.560288;4.065590;,
  6.123841;5.714604;3.602241;,
  4.427744;5.487385;3.803230;,
  1.828554;5.941048;2.861584;,
  6.073995;11.121369;7.559684;,
  9.410800;10.419876;5.780126;,
  6.610749;8.484104;4.787589;,
  5.539040;5.691311;1.990894;,
  1.996335;16.356475;9.940038;,
  6.862052;17.493027;9.001194;,
  6.183851;16.175570;8.087610;,
  1.150711;14.791987;10.487292;,
  4.124343;16.024974;8.499374;,
  8.450989;13.637678;7.174352;,
  10.558513;14.946934;8.332065;,
  11.301906;11.097862;7.066902;,
  8.867911;16.948446;10.092391;,
  5.967742;17.064398;12.115948;,
  12.180873;14.499523;10.122847;,
  11.301906;11.097862;7.066902;,
  10.558513;14.946934;8.332065;,
  10.897182;16.348579;11.503598;,
  8.015356;16.381890;13.625998;,
  5.661844;14.667650;15.069666;,
  3.557262;14.988683;14.039814;,
  10.241947;14.394110;16.117283;,
  9.063509;13.028626;17.488582;,
  7.301103;11.754604;16.653563;,
  4.743504;12.308872;15.081011;,
  5.328052;9.892631;15.929362;,
  3.805783;8.970356;15.597843;,
  5.124792;8.635063;14.808786;,
  6.059742;6.173748;11.987386;,
  7.739677;6.976806;13.462146;,
  5.127472;9.352878;13.916518;,
  5.213402;10.717388;15.495424;,
  7.707801;11.267143;17.641014;,
  4.384867;5.522781;6.926118;,
  3.244425;6.094936;9.479403;,
  8.093173;5.644829;12.098187;,
  3.940290;7.624855;13.879021;,
  1.125259;7.648129;13.269690;,
  -1.534518;7.333763;4.323633;,
  1.828554;5.941048;2.861584;,
  -3.452172;8.172653;0.371282;,
  -0.342013;6.243927;-0.366643;,
  -1.610631;7.850716;11.475330;,
  2.696970;12.610187;14.128835;,
  1.074362;9.612534;14.181104;,
  -1.463689;9.644512;12.506309;,
  -3.216658;8.435669;10.469109;,
  -4.668235;8.058869;5.341290;,
  -5.755158;9.918667;0.936422;,
  -3.187910;10.046513;11.293392;,
  0.247407;12.050162;12.869868;,
  1.906047;15.397045;12.981207;,
  4.151531;17.229416;10.998854;,
  -1.914526;12.196403;11.974840;,
  -0.013240;14.649754;11.778357;,
  -2.201554;14.558878;11.221824;,
  36.495242;16.825614;-4.413751;,
  35.732346;18.353942;-2.425027;,
  35.144570;17.971904;-3.847672;,
  37.262029;17.032683;-2.837384;,
  31.993789;19.874958;-1.152599;,
  31.421504;19.157438;-2.615376;,
  34.779654;17.906736;-4.981644;,
  36.169728;16.717365;-5.355660;,
  37.909386;15.664152;-5.061365;,
  39.124163;15.742982;-4.008486;,
  39.689037;16.855350;-3.090266;,
  40.170438;17.137896;-3.717246;,
  39.885789;17.955914;-3.179524;,
  31.099456;19.051342;-3.875378;,
  39.397373;17.714354;-2.360549;,
  36.737555;14.384709;-5.811982;,
  37.594131;15.624149;-5.745587;,
  36.474186;19.251131;-1.784218;,
  39.146266;18.905470;-1.851211;,
  39.729149;18.978813;-2.438609;,
  40.403008;19.240197;-2.964819;,
  40.238310;18.249822;-3.407409;,
  40.551290;18.510968;-3.466476;,
  39.087731;19.785848;-1.538537;,
  38.141923;21.373696;-0.472754;,
  37.545562;19.938299;-1.384880;,
  39.631219;19.964928;-2.022573;,
  40.221674;20.049690;-2.658159;,
  40.635184;18.753845;-3.760146;,
  40.428522;19.408242;-3.318305;,
  40.235430;20.108429;-3.125427;,
  39.647661;20.439312;-2.282452;,
  39.178634;20.465741;-1.758624;,
  38.924560;20.571829;-1.266450;,
  36.539421;20.719117;1.110304;,
  37.516954;21.271838;0.896573;,
  40.011933;21.856733;-1.105925;,
  38.641811;21.946950;0.668136;,
  37.573562;22.281240;1.776905;,
  36.722464;21.615299;1.891274;,
  35.967248;21.379661;1.811470;,
  36.390304;22.040640;2.648826;,
  35.333482;21.867080;3.656301;,
  36.183472;22.648882;3.550894;,
  35.891552;21.235242;0.892200;,
  38.445171;23.043438;1.698555;,
  38.445171;23.043438;1.698555;,
  37.045882;22.955733;2.720106;,
  37.573562;22.281240;1.776905;,
  36.431750;22.836998;2.948711;,
  35.312614;23.378194;5.162916;,
  35.538032;23.929118;2.843678;,
  39.641306;24.155651;1.536943;,
  40.301574;22.723229;0.073698;,
  38.320554;24.526746;2.511265;,
  37.296000;23.863992;3.325012;,
  36.262112;23.565328;4.296517;,
  35.984586;24.278942;4.560284;,
  36.595885;25.248829;4.831733;,
  36.584650;24.586454;4.137257;,
  37.395242;25.114466;3.468519;,
  39.872048;26.400491;1.737442;,
  40.600406;26.937718;1.189789;,
  41.320160;25.498165;0.723531;,
  41.847213;26.885658;0.486508;,
  35.106208;24.971134;5.899960;,
  37.510150;25.897635;3.803752;,
  42.039421;25.669291;-0.146782;,
  42.111792;26.193634;0.172262;,
  42.759651;26.783312;-0.177626;,
  43.828554;26.260011;-1.625876;,
  42.566726;25.488682;-0.140268;,
  43.248147;25.303154;-1.849846;,
  43.494630;25.523274;-1.988465;,
  44.069856;25.460709;-3.146802;,
  44.594410;25.808754;-3.044842;,
  44.353309;25.396802;-3.912202;,
  43.818173;25.823682;-1.571350;,
  45.088198;25.757787;-4.413667;,
  45.080208;26.713013;-3.273157;,
  44.288611;27.068656;-1.481328;,
  43.480739;27.480352;-0.255836;,
  42.879094;27.752384;0.539814;,
  42.739661;28.035904;0.452317;,
  41.550397;28.751270;0.196459;,
  41.783882;29.031539;2.431725;,
  43.375558;28.326730;-0.385619;,
  42.980554;28.736742;0.369004;,
  42.733485;29.034128;-0.040042;,
  43.131718;28.881082;-0.781464;,
  43.924147;27.909277;-1.759351;,
  41.793702;29.192022;-0.193376;,
  42.785210;28.894512;-1.147776;,
  43.652621;28.513430;-1.911949;,
  44.370954;27.860829;-3.255844;,
  45.188109;26.611752;-4.544143;,
  44.263283;24.791958;-5.047672;,
  45.301510;25.786202;-6.179175;,
  44.675437;25.014674;-6.160408;,
  44.027462;24.365520;-6.138859;,
  43.525776;24.368418;-5.137528;,
  43.872605;24.937141;-4.425957;,
  43.680602;25.358410;-3.919267;,
  43.635238;25.332147;-3.361303;,
  43.192445;25.174629;-2.825989;,
  43.232032;24.759810;-3.430945;,
  42.973802;23.539654;-3.347532;,
  42.965936;23.090109;-4.218979;,
  43.023453;23.690152;-4.189412;,
  43.047261;24.316208;-3.876507;,
  43.283747;24.603128;-4.548050;,
  43.207379;24.915962;-4.309941;,
  43.243997;24.729552;-3.837370;,
  43.088861;24.379518;-3.379346;,
  39.870230;20.297638;-2.211043;,
  40.370003;21.244262;-1.925433;,
  41.849782;23.114394;-1.834225;,
  42.437270;22.729523;-2.857260;,
  42.952598;23.805725;-2.553589;,
  43.065216;24.626251;-2.924276;,
  42.962067;25.188309;-2.214797;,
  42.610227;24.880717;-1.505413;,
  41.976454;24.162941;-0.570633;,
  -4.828843;7.078770;3.701918;,
  -2.110492;6.246628;3.833021;,
  -4.887039;6.726590;3.804760;,
  -4.829231;7.548866;3.608183;,
  -4.892642;7.748917;3.601014;,
  -4.827702;7.091270;3.762147;,
  -2.109668;6.252861;3.863136;,
  -4.828090;7.561371;3.668412;,
  -4.827700;7.091270;3.762150;,
  -2.110492;6.246628;3.833023;,
  -4.828091;7.561367;3.668415;,
  -4.827702;7.091270;3.762147;,
  -2.109668;6.252861;3.863136;,
  -4.828090;7.561371;3.668412;,
  -2.111316;6.240387;3.802908;,
  -4.829231;7.548866;3.608187;,
  -4.829231;7.548866;3.608183;,
  -4.828843;7.078770;3.701918;,
  -4.828840;7.078766;3.701922;,
  -4.828840;7.078766;3.701922;,
  -4.887039;6.726590;3.804760;,
  -2.111316;6.240387;3.802911;,
  -4.892642;7.748917;3.601014;,
  -4.827702;7.091270;3.762147;,
  -2.109668;6.252861;3.863136;,
  -4.827700;7.091270;3.762150;,
  -4.828090;7.561371;3.668412;,
  -4.829231;7.548866;3.608183;,
  -2.111316;6.240387;3.802908;,
  -4.828843;7.078770;3.701918;,
  -4.829231;7.548866;3.608183;,
  -2.110492;6.246628;3.833023;,
  -4.828843;7.078770;3.701918;,
  -2.110492;6.246628;3.833021;,
  -4.827702;7.091270;3.762147;,
  43.726003;39.165238;-6.721688;,
  44.191478;39.897216;-6.820854;,
  44.175507;39.882842;-6.817202;,
  43.698701;39.173168;-6.714698;,
  43.726003;39.165238;-6.721688;,
  44.191482;39.897213;-6.820852;,
  43.698701;39.173168;-6.714698;,
  42.971546;36.429437;-7.076330;,
  43.217120;36.981312;-6.645200;,
  42.975670;37.124787;-7.097026;,
  43.288787;38.394349;-6.888434;,
  43.333146;38.386912;-6.641698;,
  43.686691;39.168877;-6.879373;,
  44.191482;39.897213;-6.820852;,
  44.147661;39.885421;-6.928898;,
  42.975670;37.124787;-7.097026;,
  42.691552;36.634912;-7.446014;,
  42.958848;35.643318;-7.610519;,
  43.233456;35.304787;-7.329374;,
  43.103142;38.088464;-7.611207;,
  42.565581;36.738000;-7.721491;,
  42.698826;35.491408;-8.140222;,
  43.124435;33.501594;-8.493104;,
  43.580102;35.163770;-6.777633;,
  43.190749;36.305709;-6.654212;,
  43.815270;33.334496;-6.878471;,
  40.581949;42.259427;-3.848729;,
  40.121331;42.119133;-4.289271;,
  40.344566;42.680448;-3.849518;,
  40.705354;41.764426;-3.817712;,
  40.639808;41.223667;-3.796874;,
  40.399421;40.938928;-3.852853;,
  40.246115;40.955165;-3.946396;,
  40.191002;40.922250;-4.023134;,
  40.251603;40.660557;-3.839412;,
  40.190915;40.612106;-3.937656;,
  40.090646;39.872605;-3.657959;,
  40.208205;39.919546;-3.554371;,
  39.998090;40.870410;-4.109386;,
  39.634458;41.083024;-4.323318;,
  39.428800;41.557178;-4.499514;,
  39.295533;42.152509;-4.575718;,
  39.193853;42.740790;-4.370440;,
  39.548538;43.372010;-4.015983;,
  39.108445;43.416717;-4.025937;,
  38.722138;44.570531;-3.147823;,
  39.897574;43.325302;-3.755822;,
  -2.599002;15.722379;9.753306;,
  -2.201554;14.558878;11.221824;,
  1.150711;14.791987;10.487292;,
  -1.084104;21.398342;7.043783;,
  -4.885838;16.454197;7.378206;,
  1.059040;19.684386;10.393822;,
  2.983695;16.341651;11.906201;,
  5.123744;13.147072;10.798823;,
  7.411564;14.975042;11.033833;,
  8.065215;11.021942;8.156549;,
  10.042069;12.449583;7.307350;,
  9.568042;8.864861;3.764109;,
  12.526959;10.627327;3.173534;,
  16.934666;13.101229;3.820656;,
  12.446054;14.008784;6.551420;,
  9.588266;15.867482;10.276237;,
  5.828325;17.573325;12.074453;,
  18.270005;15.663624;6.496500;,
  19.514182;14.582093;4.066546;,
  3.122486;24.688630;7.637062;,
